1.579475530049214427e-01
5.036689036514344076e-02
4.452034011372959371e-02
4.119776495235311087e-02
4.107381811667260713e-02
4.157364874432865898e-02
3.963832636357494943e-02
3.859575956577007694e-02
3.952273749009570236e-02
3.731557284749276865e-02
3.807599683593796552e-02
3.830957616517697423e-02
4.033114750201659271e-02
3.772816012803054120e-02
3.780248498996663375e-02
3.794337552424776466e-02
3.650464995787562617e-02
3.799924010433278210e-02
4.151495111421579787e-02
4.197021085220146996e-02
3.789794677656349586e-02
3.687677832313103476e-02
3.771643190647670785e-02
3.943527704267540956e-02
3.737419684784000495e-02
3.675829146370052786e-02
3.689933156007806081e-02
3.705286613268773954e-02
3.665280774726790286e-02
3.669317303579983786e-02
3.761732093893835338e-02
4.104514882290333927e-02
3.774374046672204774e-02
3.490403616206783077e-02
3.495611172871712635e-02
3.513576063316122683e-02
3.472858306877488199e-02
3.537254662128228033e-02
3.583181371071079979e-02
3.412759380682071214e-02
3.504763128746864187e-02
3.428283151584925192e-02
3.425634941040873321e-02
3.410851927730076255e-02
3.350201869898881274e-02
3.586790347304756599e-02
3.517777318949711490e-02
3.387002100630102236e-02
3.424913901229634933e-02
3.406989326500747123e-02
3.393283004551871096e-02
3.409459899629913721e-02
3.380165506977737128e-02
3.383266508046931659e-02
3.896550345144374899e-02
3.729568654910023900e-02
3.437356571741928546e-02
3.456605059262639335e-02
3.733722074558414039e-02
3.462537680423926484e-02
3.431416833348647361e-02
3.393094631383625215e-02
3.330202519382617632e-02
3.337000299985364016e-02
3.364194750064258138e-02
3.473063987949644854e-02
3.395633559531451712e-02
3.384465250789394503e-02
3.311572702725495976e-02
3.353087088992864895e-02
3.292531712529566529e-02
3.316219483919827238e-02
3.266906309961210148e-02
3.302875308990890768e-02
3.274706932751935556e-02
3.220155757637215010e-02
3.265222176247076225e-02
3.272638627427625069e-02
3.245913064783815388e-02
3.279800817669639018e-02
3.296157687524276653e-02
3.439291323075702872e-02
3.286304850112471698e-02
3.258105458262842979e-02
3.292106264094752516e-02
3.269942950551003175e-02
3.251865350284326855e-02
3.256591183219198493e-02
3.222581855747612412e-02
3.224640699690885931e-02
3.205998987878210665e-02
3.245167790814779823e-02
3.237493391195105791e-02
3.188898476443659258e-02
3.174626729823386978e-02
3.219521126397734134e-02
3.236745276159212065e-02
3.252608650562231057e-02
3.257621658245549862e-02
3.197493532430382285e-02
3.207369076396925783e-02
3.188572468984124386e-02
3.182298384574289152e-02
3.197842096809617313e-02
3.192996456267387789e-02
3.179072642727242409e-02
3.183732143543357984e-02
3.163407511357318319e-02
3.195673671547575451e-02
3.176566107068539563e-02
3.180650016050384776e-02
3.192100844345133193e-02
3.148568877470043353e-02
3.157138732617308097e-02
3.183105831287916937e-02
3.181668717940023400e-02
3.168072211329318877e-02
3.212910587424427228e-02
3.145873794574664817e-02
3.134032571261237410e-02
3.154828107498684753e-02
3.149218901540318249e-02
3.123929514277734923e-02
3.127924013528749630e-02
3.145307894744145405e-02
3.148187234131494261e-02
3.139333484914941935e-02
3.126315181092211709e-02
3.143334344175387207e-02
3.118512713836029196e-02
3.148482108249292533e-02
3.128865131848069386e-02
3.117846347915680452e-02
3.151344372127900390e-02
3.119987029698214134e-02
3.126049527317725091e-02
3.130085614465246552e-02
3.119222896356319691e-02
3.118435216357848261e-02
3.139489379392792351e-02
3.107344906138529220e-02
3.139620487576817026e-02
3.135983332899907466e-02
3.121445855605873773e-02
3.103795772482350127e-02
3.113014195532763997e-02
3.098302350817083023e-02
3.105738787697584491e-02
3.092657787928823621e-02
3.099569825270004006e-02
3.096031732023522484e-02
3.093813429396328335e-02
3.085670320954809684e-02
3.101950174928294265e-02
3.075363639885778447e-02
3.094640265072844815e-02
3.071965449417651817e-02
3.076927134635750946e-02
3.079873470579517006e-02
3.085869236208178476e-02
3.067455259879181204e-02
3.074855485684165751e-02
3.068741299818411247e-02
3.086009006908867550e-02
3.076480149349476376e-02
3.052971384324421750e-02
3.076707583732297621e-02
3.078132131862121659e-02
3.067506651206834342e-02
3.070195790092939900e-02
3.066747207368988870e-02
3.066155721873424500e-02
3.058547941797384526e-02
3.069346466931843417e-02
3.068205302085621339e-02
3.059939876154350175e-02
3.065135360208622733e-02
3.075189444945733430e-02
3.069039541086214518e-02
3.077334903399063168e-02
3.065080217173468680e-02
3.042305966658978220e-02
3.044515624196566378e-02
3.055187459086659840e-02
3.075031462566926027e-02
3.055714386858020964e-02
3.058250422661980619e-02
3.066120506829032866e-02
3.085008109538855611e-02
3.057698032460462803e-02
3.064172610823368698e-02
3.055268033845647685e-02
3.070781795655141283e-02
3.076980351244397796e-02
3.061983837080096971e-02
3.050719318876179975e-02
3.065020043295700256e-02
3.058235983180468062e-02
3.066085166316560168e-02
3.053666392443287261e-02
