3.991588720038794502e-01
4.058917832087006322e-02
3.171297094147456502e-02
2.715609339310934636e-02
2.699293655490404842e-02
2.765389231866911823e-02
2.513915067048449331e-02
2.383412250333971985e-02
2.499274845937626485e-02
2.227923163098462916e-02
2.319650456080572798e-02
2.348197801528792775e-02
2.602562334127070734e-02
2.277462506634101574e-02
2.286444594266644550e-02
2.303519593878534943e-02
2.132143149675246041e-02
2.310307597610772659e-02
2.757585865625163807e-02
2.818397758365200415e-02
2.298006991806783236e-02
2.175834847189355228e-02
2.276046777209430466e-02
2.488225720692099213e-02
2.234928944033750392e-02
2.161875186128574614e-02
2.178497071328916110e-02
2.196663821835005345e-02
2.149485305213091543e-02
2.154222315896237028e-02
2.264100535396943933e-02
2.695526787030853855e-02
2.279343911070834047e-02
1.949266784644702183e-02
1.955087595504888254e-02
1.975234680433283693e-02
1.929719171143676193e-02
2.001947287159661429e-02
2.054270198078532103e-02
1.863508254469355835e-02
1.965338334179761101e-02
1.880500058790570903e-02
1.877595959884817076e-02
1.861425739663996257e-02
1.795816411051833969e-02
2.058410399282972064e-02
1.979961162514723080e-02
1.835485316747636000e-02
1.876805636933759694e-02
1.857212203342402043e-02
1.842299127836891440e-02
1.859906689149507311e-02
1.828083016729930080e-02
1.831438762315532737e-02
2.429296734759159304e-02
2.225549176269978752e-02
1.890467232207588069e-02
1.911698965715211834e-02
2.230508884807166220e-02
1.918266750136880458e-02
1.883939437470153605e-02
1.842094588403900626e-02
1.774439811216373120e-02
1.781691360336385213e-02
1.810849010617586463e-02
1.929947754302830179e-02
1.844852363298598100e-02
1.832736805408147207e-02
1.754642202469863452e-02
1.798910884219303424e-02
1.734522412482060807e-02
1.759569866484717374e-02
1.707628294090299259e-02
1.745437649078667233e-02
1.715792879266174117e-02
1.659104496551056657e-02
1.705868137640911136e-02
1.713626173717018933e-02
1.685752259861481722e-02
1.721134944573829081e-02
1.738344880164061773e-02
1.892595968797410738e-02
1.727967930859641149e-02
1.698440188345940599e-02
1.734074184654705447e-02
1.710804303977311869e-02
1.691940521020769000e-02
1.696861781539362943e-02
1.661605410718996340e-02
1.663729222736468408e-02
1.644548721644177938e-02
1.684978238486668431e-02
1.677018153285117497e-02
1.627051758890350752e-02
1.612520779793461326e-02
1.658450605331413669e-02
1.676243197238235991e-02
1.692714085393961024e-02
1.697935818923277870e-02
1.635834382389459579e-02
1.645954622756362964e-02
1.626719102394162675e-02
1.620323681354261108e-02
1.636191052180437089e-02
1.631236219157775405e-02
1.617040458837883457e-02
1.621784057892989780e-02
1.601143533265904362e-02
1.633972834403577684e-02
1.614491557212252223e-02
1.618645523936209848e-02
1.630321248075026000e-02
1.586157756187675169e-02
1.594803996318787734e-02
1.621146037308662455e-02
1.619682532914897694e-02
1.605869045791526520e-02
1.651647110845436139e-02
1.583443509022656320e-02
1.571545625236211996e-02
1.592470462058196909e-02
1.586812750371009717e-02
1.561429697628084062e-02
1.565425381505567912e-02
1.582873880438375944e-02
1.585773257783761048e-02
1.576866356721311202e-02
1.563815457844420359e-02
1.580888127883602057e-02
1.556019447417112886e-02
1.586070333754545716e-02
1.566367522127141976e-02
1.555354535873783306e-02
1.588955416278750241e-02
1.557491050477613492e-02
1.563549703558939422e-02
1.567589752621164484e-02
1.556728236344561214e-02
1.555942111779331193e-02
1.577022970131222723e-02
1.544894778512810422e-02
1.577154688961934781e-02
1.573502634276162035e-02
1.558947876716653552e-02
1.541367711564689373e-02
1.550537181054160302e-02
1.535916393132586225e-02
1.543298146785481925e-02
1.530325150917888691e-02
1.537173296275891679e-02
1.533665997711451505e-02
1.531469045746091176e-02
1.523417812739417260e-02
1.539535182038027916e-02
1.513257842805040485e-02
1.532287739233620383e-02
1.509915475586527320e-02
1.514796894697243747e-02
1.517699295164723176e-02
1.523614230876167534e-02
1.505485083417672926e-02
1.512757801254721070e-02
1.506747706433790752e-02
1.523752254515624814e-02
1.514356817494620297e-02
1.491301483760604230e-02
1.514580728927333170e-02
1.515983587392328094e-02
1.505535528831706757e-02
1.508176350320705739e-02
1.504790149424878667e-02
1.504209745724342448e-02
1.496754481963682645e-02
1.507342037450718278e-02
1.506221404119410974e-02
1.498117127308720015e-02
1.503208764224198829e-02
1.513086419568903697e-02
1.507040592760108995e-02
1.515198417228499558e-02
1.503154678033305318e-02
1.480900095163011250e-02
1.483052061756321219e-02
1.493467265625664057e-02
1.512930959324238107e-02
1.493982466248174566e-02
1.496463303633949193e-02
1.504175193983603963e-02
1.522764005747280665e-02
1.495922761234013722e-02
1.502264606227216026e-02
1.493546041382247912e-02
1.508752133844322267e-02
1.514849293111055623e-02
1.500119202966360664e-02
1.489102138010294819e-02
1.503095658528700272e-02
1.496449172611168631e-02
1.504140519537031616e-02
1.491980549814016233e-02
