2.442068789219647151e-01
1.792849308664077115e-02
1.363118465891794209e-02
1.098066653010615172e-02
9.721375783709318777e-03
8.929859853365964759e-03
8.031023263506461424e-03
7.712134970923918351e-03
7.837583149963042381e-03
7.083044152935607032e-03
6.895575290872601321e-03
6.251515678473209062e-03
5.951293423902570025e-03
6.626144627501305735e-03
6.194034103189774605e-03
6.663785220875421446e-03
6.642026032664273723e-03
5.803665083326530090e-03
5.875039833450787854e-03
6.565912171642769579e-03
5.805822155895855666e-03
6.341192016394383950e-03
6.183475741642739318e-03
5.382797309083112332e-03
5.056569349478211468e-03
6.660679985131871990e-03
5.128840646469606107e-03
5.306917818246834409e-03
5.675726801794218554e-03
5.909911287017166441e-03
5.760197521987975300e-03
6.589449576527010854e-03
5.870869107903880189e-03
6.615059165153325434e-03
5.140980356372892857e-03
5.087421039576854771e-03
5.537852336930339757e-03
4.442163826407570688e-03
4.468320693060951962e-03
4.991553031855769026e-03
5.191446446584897269e-03
4.453661953295140127e-03
4.448641618926143550e-03
4.308009829796981792e-03
4.558713654497344170e-03
4.033342107166454187e-03
4.718819808361953728e-03
4.050416849439211937e-03
4.262149054965559680e-03
4.200163668658780068e-03
4.377740027440156674e-03
3.797487993602101635e-03
4.285111670839812821e-03
4.599585278335501133e-03
4.269277264380403128e-03
3.980560059936946206e-03
3.707136819751835188e-03
3.655935820649590298e-03
3.472833342343699652e-03
4.062786133012227623e-03
3.538633517210224531e-03
3.484323809715804930e-03
3.792319336513939702e-03
3.685172161356987247e-03
3.334694611839950258e-03
3.546826804073102690e-03
3.492452757506582257e-03
3.353331032568556119e-03
3.416717435200616968e-03
3.387549156609007562e-03
3.300344876397662535e-03
3.225864397909230900e-03
3.231461630243677267e-03
3.160192413467979074e-03
3.148893899439523560e-03
3.002050483043779486e-03
3.148461997778596259e-03
3.192552942129080890e-03
3.102324420398329917e-03
3.078254003265643718e-03
3.039567946178609818e-03
3.033959597610590923e-03
3.024487493543379091e-03
3.059629881917907534e-03
2.977793781176667036e-03
3.064152879411714131e-03
2.942642457824069541e-03
2.920169812185984069e-03
2.914524643698282545e-03
2.863161556275659568e-03
2.900732438112690707e-03
2.922871958652282619e-03
2.958919974697524907e-03
2.927194343340632117e-03
2.831908419581228003e-03
2.940016760482665279e-03
2.903839192157121017e-03
2.822933621549358115e-03
2.861203903356861200e-03
2.837753185406000599e-03
