0.029668336
0.001771
0.001191533
0.00100344
0.000876761
0.000807777
0.000730864
0.00068979
0.000645491
0.00060609
0.000563443
0.000529488
0.000496036
0.000476744
0.000454844
0.000427743
0.000414182
0.000399384
0.000389921
0.00036793
0.000372574
0.000356423
0.000342257
0.000327653
0.000323884
0.000327627
0.000320494
0.000301926
0.000300153
0.000299285
0.000299081
0.000297565
0.000316757
0.000309413
0.00027511
0.000280545
0.000286289
0.000265893
0.000268823
0.000264167
0.000280627
0.000253473
0.000279353
0.000445647
0.000355501
0.000318934
0.000287745
0.000291208
0.000279434
0.000270412
0.000262815
0.00023973
0.000252421
0.000233841
0.000294803
0.000236568
0.000238877
0.000275864
0.000267192
0.001479731
0.000466417
0.000413206
0.000390866
0.000381683
0.000330056
0.000327587
0.00031964
0.000297648
0.000294996
0.000293599
0.000268389
0.000260719
0.000267819
0.000248111
0.000250445
0.000238715
0.000248557
0.000253814
0.000238438
0.000247736
0.000253958
0.000228777
0.00023286
0.000239969
0.000239622
0.000238118
0.000228289
0.000229172
0.000227903
0.000218407
0.000224322
0.000220877
0.000231739
0.000222945
0.000213619
0.000222642
0.000210508
0.000217691
0.000215839
0.000224575
0.000212983
0.000213955
0.00020791
0.000207281
0.000200147
0.000296629
0.000528363
0.000250379
0.000226773
0.000221417
0.000217887
0.000219659
0.000218301
0.000212691
0.000214785
0.000211069
0.000212445
0.000202723
0.000204761
0.000201452
0.000202377
0.000202619
0.000207613
0.000212945
0.000198694
0.000199118
0.000193027
0.00020312
0.000191326
0.000199922
0.000197642
0.000197841
0.000192074
0.00018898
0.000189593
0.000190365
0.000200968
0.000187159
0.000188447
0.000186091
0.000190732
0.000188836
0.000183641
0.00018507
0.000186697
0.000185168
0.000182173
0.000178954
0.000181957
0.000181882
0.000182168
0.000182977
0.000185818
0.000185085
0.00018021
0.000184782
0.000176902
0.000182605
0.000180241
0.000179519
0.000177374
0.000177565
0.000181211
0.000177357
0.000180277
0.00017847
0.000181115
0.000177068
0.000179838
0.000176687
0.000181025
0.000178714
0.000174785
0.000177651
0.000176992
0.000172569
0.000177292
0.000175765
0.000175768
0.000174291
0.000172049
0.000173801
0.000170912
0.000174203
0.000173829
0.000176054
0.0001739
0.000174712
0.000173231
0.000172583
0.000177642
0.000171656
0.00017644
0.00017654
0.000172914
0.000168952
0.000170746
0.000172668
0.000174953
0.000173235