1.741903491082944289e+00
1.409145832846039337e-01
6.056174199309265205e-02
3.812199838851627887e-02
2.864914460009650166e-02
2.359064169424144805e-02
1.992534558501159875e-02
1.841237356134673916e-02
1.669024406327751509e-02
1.555289193138218763e-02
1.433149756569611355e-02
1.357668781849114513e-02
1.258317525580263975e-02
1.191276177812955819e-02
1.137857560003012990e-02
1.072892006731739241e-02
1.006134632697100115e-02
9.595988072422251963e-03
9.041823475343878022e-03
8.697638400879345935e-03
8.325663719555002895e-03
7.714597763199554890e-03
7.469982253550960620e-03
7.242882728021134663e-03
6.875940360815117024e-03
6.863570196978878782e-03
6.303528340517036525e-03
6.128522716952781828e-03
5.911527849782846275e-03
5.725049703757752878e-03
5.669323890878443482e-03
5.593178236219836091e-03
5.454078346098724557e-03
5.314466041888584076e-03
5.274848441446298303e-03
5.167672895058466470e-03
5.026468919720827357e-03
4.911027026869225695e-03
4.719408828225967432e-03
4.779082719694104260e-03
4.654250200837850224e-03
4.526239717297517000e-03
4.701328120325087845e-03
4.445693149688866030e-03
4.590242167755046419e-03
4.523923163906785720e-03
4.502117957331632295e-03
4.184397785483222158e-03
4.353717906531273663e-03
4.251044628765891613e-03
4.261639635405389120e-03
3.936703569100548535e-03
4.050261783413588654e-03
4.148059038919184663e-03
4.010392543287915300e-03
3.952498978673757955e-03
3.949616893946209135e-03
3.950924516181673549e-03
4.129732008860038245e-03
3.882486784520248774e-03
3.982816380040164403e-03
3.988210946778978847e-03
3.797868628610383181e-03
3.851855443300385064e-03
3.939371636513163029e-03
3.780054478097314916e-03
3.777123897401779475e-03
3.849542880300105448e-03
3.834584594720549539e-03
3.788835529172629706e-03
3.815120325440116231e-03
3.658106931681303665e-03
3.574447308895749818e-03
3.658823148151369494e-03
3.548294397095512302e-03
3.518645365297663578e-03
3.555586380197813673e-03
3.818218023189457692e-03
3.537676410888436138e-03
3.534087820158323626e-03
3.483210932136627472e-03
3.570156684349568878e-03
3.658343755574733520e-03
3.563190674360253336e-03
3.499825233634430623e-03
3.576669516654586937e-03
3.452848676763670827e-03
3.410984871279971065e-03
3.379116173049337164e-03
3.391020774653410227e-03
3.649770740517660310e-03
3.419238151247172130e-03
3.535233132271586084e-03
3.414370146939498234e-03
3.332851527528347350e-03
3.369675104694212428e-03
3.402039960533249658e-03
3.338635717559475333e-03
3.425609127602033573e-03
3.329181833919791361e-03
3.293566857342069241e-03
3.235921377659236025e-03
3.286143697455133194e-03
3.282341764618953040e-03
3.213207561342993398e-03
3.201023445938501293e-03
3.210744703915623891e-03
3.151211000799217579e-03
3.217710453910720570e-03
3.224874242094524952e-03
3.231236165013621868e-03
3.181160717238590285e-03
3.261254043645111286e-03
3.209712635521499123e-03
3.175276148198335861e-03
3.233056712544343618e-03
3.240668770383324342e-03
3.194195631148064735e-03
3.146028468434355907e-03
3.148463325117502147e-03
3.185452758171187365e-03
3.208691978075525145e-03
3.160281890692810333e-03
3.257119985861017548e-03
3.104480459730614861e-03
3.100865145965495725e-03
3.067784066916557847e-03
3.127120031052056486e-03
3.097495351297159787e-03
3.115508978034516561e-03
3.124602243361439269e-03
3.082546799468170728e-03
3.089052064981507705e-03
3.181033078254314698e-03
2.983246534539941985e-03
3.123506186366604293e-03
3.101486487011833725e-03
2.966542520127340900e-03
3.027767349001869723e-03
3.009283749525549449e-03
3.080383904294617392e-03
3.095164979816202207e-03
3.025239054930576026e-03
3.012241041001847454e-03
2.984320739357683092e-03
2.968226563953386184e-03
2.943937649762486640e-03
2.928997309502671779e-03
3.012039251788927591e-03
2.974044602658403556e-03
2.949102599737479617e-03
3.006736233242248302e-03
3.038187150173542791e-03
3.069713936195496515e-03
2.998694765847176140e-03
3.031953965240207199e-03
2.928974305630841369e-03
2.976453074727926536e-03
2.930505385034178501e-03
2.955170385253599440e-03
2.903994364590432951e-03
2.971027797422976392e-03
2.997801410393756763e-03
2.910433401427182758e-03
2.978533702461343222e-03
2.954784485004973045e-03
2.977533975060571870e-03
2.932814595477426650e-03
2.970131644121322238e-03
2.947871213811531325e-03
2.980166927221018953e-03
2.980124119162690360e-03
2.917012448112169844e-03
2.926224056762038485e-03
2.950571251118130987e-03
2.934832051968234469e-03
2.949369532717881822e-03
2.933169144058697924e-03
2.916698188014459157e-03
2.895205389920687405e-03
2.858351783116201087e-03
2.891688179959984312e-03
2.850073026166411762e-03
2.896801831421295156e-03
2.902570125348702488e-03
2.939129851987225955e-03
2.909358963574560763e-03
2.914780391821343662e-03
2.892387644061001750e-03
2.878160018416677304e-03
2.966768521480589015e-03
2.873936254049144681e-03
2.942674675253791842e-03
2.945142202365228293e-03
2.901684037172807228e-03
2.833278529476701037e-03
2.852191548312507825e-03
2.881396522443218505e-03
2.929517518720801961e-03
2.891788155804469757e-03
