0.188848695
0.02551743
0.009483394
0.005521099
0.003581703
0.002797904
0.002135414
0.001781814
0.001583266
0.001401861
0.001243943
0.001155975
0.00105339
0.000992164
0.000941301
0.000888825
0.000851414
0.000813547
0.000763366
0.000733421
0.000717457
0.000678098
0.000653796
0.000627461
0.000604483
0.0005868
0.000546812
0.000522396
0.000499764
0.000480226
0.000458605
0.000434025
0.000420836
0.000402269
0.000387581
0.000372057
0.000364651
0.000346847
0.000340308
0.000338507
0.000328899
0.000322201
0.000310833
0.000303142
0.000304542
0.000298349
0.00030542
0.00029018
0.000293243
0.000283843
0.000279569
0.000268892
0.00027035
0.000274247
0.000266223
0.000263
0.000261686
0.000262639
0.000260585
0.000257314
0.000255633
0.000247125
0.000244826
0.000247546
0.000247847
0.000237854
0.000249439
0.000242203
0.000238008
0.000242982
0.000235827
0.000235054
0.000231223
0.000228093
0.000224476
0.00022415
0.000232868
0.00023439
0.000227938
0.000227591
0.000223424
0.000227946
0.000224094
0.000230088
0.000222144
0.000225155
0.000216198
0.000215718
0.000216888
0.000213155
0.000218225
0.000219641
0.000223013
0.000215817
0.0002148
0.000218336
0.000219499
0.000214022
0.000214909
0.000211409
0.000209907
0.000203395
0.0002117
0.000208982
0.000206811
0.000205244
0.000203848
0.000203696
0.000203609
0.000206413
0.00020573
0.000204451
0.000210744
0.000204255
0.000206728
0.000204349
0.000206859
0.000201787
0.000203291
0.000205495
0.000202418
0.000206073
0.000204793
0.000203983
0.000201687
0.000200073
0.000198061
0.000200475
0.000199946
0.000202968
0.000200986
0.000199372
0.000198497
0.00019671
0.000194586
0.000198163
0.000200073
0.000192183
0.000196867
0.000194801
0.000198079
0.000198308
0.000194914
0.000193672
0.000192896
0.000193527
0.000189061
0.000189415
0.000192968
0.000190228
0.000191336
0.000193993
0.00019572
0.000197653
0.000193879
0.00019628
0.000188889
0.000193153
0.000190044
0.00019179
0.000187353
0.000189482
0.000194689
0.000187682
0.000193072
0.000191337
0.000192541
0.000189699
0.000192273
0.000190292
0.000193301
0.000192225
0.000188579
0.000189594
0.000190835
0.000186821
0.000190725
0.000189774
0.000189319
0.000187552
0.000185336
0.000187242
0.000184688
0.000187772
0.000188207
0.000190237
0.000188353
0.000189311
0.000187221
0.000184656
0.000192359
0.000185957
0.000190629
0.000191014
0.000187796
0.000183926
0.000185432
0.000186786
0.00018965
0.000187795