6.555013327302448845e-02
3.359147152728203523e-02
3.323294332636787113e-02
3.311515718536089253e-02
3.303569301244324574e-02
3.250163506690761234e-02
3.272916744517100074e-02
3.214666364964035433e-02
3.241850181912818429e-02
3.193247713679905203e-02
3.206792579022672840e-02
3.175548345893841606e-02
3.162633226215749715e-02
3.146315160363707258e-02
3.162364742577120080e-02
3.168200702987287315e-02
3.167205274971453960e-02
3.170466908740184053e-02
3.159290262807578492e-02
3.111031475618012548e-02
3.076036848843015717e-02
3.100535758365087491e-02
3.077974813068737325e-02
3.084055306060589155e-02
3.081207090422705130e-02
3.100394191275612429e-02
3.068932872813026624e-02
3.062728449533804950e-02
3.064591741115856721e-02
3.065841599017437441e-02
3.072371510382373994e-02
3.076764964626267987e-02
3.061434089052173999e-02
3.063086267056217005e-02
3.053547628055288884e-02
3.069820043172336380e-02
3.070705938965613904e-02
3.045140643042150430e-02
3.050549706870982550e-02
3.071393766764831182e-02
3.065160082738137975e-02
3.060859440181980945e-02
3.057958497367926215e-02
3.066109375108637403e-02
3.077529278196662263e-02
3.055346262445186867e-02
3.071466916659429391e-02
3.062841889432250594e-02
3.055202356561421279e-02
3.056968693412247251e-02
3.064057935817119174e-02
3.056431213506318953e-02
3.060246756025681442e-02
3.036402004211770367e-02
3.030194204169670003e-02
3.053376135093105112e-02
3.058347711517257761e-02
3.064546017448624426e-02
3.047513995702691436e-02
3.089913440384040380e-02
3.060077871995101409e-02
3.055816622508808478e-02
3.064487344166548846e-02
3.051681711017662640e-02
3.051765400893832400e-02
3.067524626795062326e-02
3.056087203403433025e-02
3.074858448675782743e-02
3.033631939595475904e-02
3.066994490589137687e-02
3.065027904292016298e-02
3.075640850707122426e-02
3.054923554973276723e-02
3.051054372484401922e-02
3.052958018636173568e-02
3.044765498418623359e-02
3.038896074097456254e-02
3.052119681921739922e-02
3.043828357523561609e-02
3.062127114245434545e-02
3.065406941198090332e-02
3.053699834271381489e-02
3.039372252809679348e-02
3.043031618953408179e-02
3.058998429679896450e-02
3.042280136631784343e-02
3.055614369717655349e-02
3.057075992344007037e-02
3.048485311152632563e-02
3.059806853279179242e-02
3.040366843020059912e-02
3.063208369214719118e-02
3.058256707299943783e-02
3.046740692498616995e-02
3.044964275342130003e-02
3.065334402211771295e-02
3.061254976334354394e-02
3.054098056222306554e-02
3.072618052438655378e-02
3.051235739238546130e-02
3.060989172508724390e-02
3.052528527589810567e-02
3.044873704290515168e-02
3.065040063487847397e-02
3.060033454754622698e-02
3.047592540283404830e-02
3.049199739008782301e-02
3.046952659884095277e-02
3.036800087017010527e-02
3.058103996666806934e-02
3.072623675393419337e-02
3.053086460986693604e-02
3.048847984066228173e-02
3.047734708273635781e-02
3.050461645135867095e-02
3.043586621940073955e-02
3.047971075899803470e-02
3.067772727972757282e-02
3.052440779415551558e-02
3.046404688500729818e-02
3.053000776490746512e-02
3.038023736794805488e-02
3.047029043445659627e-02
3.050628487115990620e-02
3.053206697645741152e-02
3.054200605855182660e-02
3.052946610046105777e-02
3.045442540906329737e-02
3.068042952439258703e-02
3.053809218163340208e-02
3.053665419509077328e-02
3.053578534753515969e-02
3.051767172213473017e-02
3.064719727968507820e-02
3.046703102966925175e-02
3.059212516797095785e-02
3.056114418510157138e-02
3.045496687831054580e-02
3.064377650367753822e-02
3.080212723478092593e-02
3.055163031972564502e-02
3.076805072914767097e-02
3.072609880171152386e-02
3.045045427093506091e-02
3.045697681488298073e-02
3.053782766097314430e-02
3.049475041116872856e-02
3.055269729184464586e-02
3.050965709199384909e-02
3.050022841265704818e-02
3.052422035194166106e-02
3.057894248112614372e-02
3.045211199636192745e-02
3.052059052013512616e-02
3.039956495458509544e-02
3.055847786798210342e-02
3.039702614589403010e-02
3.048430602568103637e-02
3.051016308563541529e-02
3.062998802584527766e-02
3.038893208357096309e-02
3.055095433921819689e-02
3.043160009716299255e-02
3.063019571826194540e-02
3.051002237495790970e-02
3.037178377419283426e-02
3.060675116379081226e-02
3.057455273915673025e-02
3.049314198517203561e-02
3.056886693277273415e-02
3.064870629015186906e-02
3.052415195651382238e-02
3.038759086047356298e-02
3.058517824407430349e-02
3.057463153025658312e-02
3.049613551430664302e-02
3.053326324632412228e-02
3.061196312321123533e-02
3.057208680184523783e-02
3.060220139510544043e-02
3.053780057826806227e-02
3.033071747384953262e-02
3.037822933263880504e-02
3.052772751234511875e-02
3.058512441499617804e-02
3.048816219054634180e-02
3.053309413923604651e-02
3.063996004734854256e-02
3.078542165702938607e-02
3.043127426982364034e-02
3.057181380998569981e-02
3.051053635266349692e-02
3.065257946929536570e-02
3.071178325221391239e-02
3.056453362473988966e-02
3.045597030319675130e-02
3.061502291979192533e-02
3.053189244690841797e-02
3.065081789934852655e-02
3.048648254371559563e-02
