6.874911955378035233e-02
1.805419134989119309e-02
1.767085635413726333e-02
1.754581816657854731e-02
1.746171220499826218e-02
1.690170051235901846e-02
1.713917442646465880e-02
1.653452774084973598e-02
1.681534816314907491e-02
1.631492953747510841e-02
1.645362983179981392e-02
1.613457167537457951e-02
1.600359827770214335e-02
1.583887854133520304e-02
1.600088122415176464e-02
1.605999311105462540e-02
1.604990280609120551e-02
1.608297667106646164e-02
1.596978394347324873e-02
1.548562694765758148e-02
1.513920431270411072e-02
1.538131518224090943e-02
1.515828631981684486e-02
1.521823540934475957e-02
1.519013941451384346e-02
1.537991062607289329e-02
1.506935836453186794e-02
1.500848888893399277e-02
1.502675606354482787e-02
1.503901553642527505e-02
1.510314671649483180e-02
1.514637223608268982e-02
1.499580589057714249e-02
1.501199596708542409e-02
1.491864498688332853e-02
1.507807215594016668e-02
1.508677594175790969e-02
1.483661045745145873e-02
1.488936562254502063e-02
1.509353547283497250e-02
1.503233013249802991e-02
1.499017682008183840e-02
1.496177627459952669e-02
1.504164272020652553e-02
1.515389833305227051e-02
1.493622525350043681e-02
1.509425443221341055e-02
1.500960070345746904e-02
1.493481830326153989e-02
1.495209214800413168e-02
1.502152165447018586e-02
1.494683482063313348e-02
1.498417633242512918e-02
1.475157940989000813e-02
1.469132306397353399e-02
1.491696931576977185e-02
1.496558515926855668e-02
1.502630766889635934e-02
1.485974648640605439e-02
1.527610411050549753e-02
1.498252253227850932e-02
1.494082436864182552e-02
1.502573229209111516e-02
1.490041802457550170e-02
1.490123529934830882e-02
1.505553173759069906e-02
1.494347039168994647e-02
1.512760716702854502e-02
1.472467639189409608e-02
1.505032832848659727e-02
1.503103368654193535e-02
1.513530662806149112e-02
1.493209268276890142e-02
1.489429245416989955e-02
1.491288426168785840e-02
1.483295510457665299e-02
1.477582295866389055e-02
1.490469528443849959e-02
1.482382571210333171e-02
1.500259594207531584e-02
1.503475154423269261e-02
1.492013228452650046e-02
1.478045390583901560e-02
1.481606629432031912e-02
1.497195422845451485e-02
1.480874948759089427e-02
1.493884668228004017e-02
1.495314179674575236e-02
1.486922030770138244e-02
1.497986876699877387e-02
1.479012886421722343e-02
1.501319282116335765e-02
1.496469454039215004e-02
1.485220615572312337e-02
1.483489190097571526e-02
1.503403999581279411e-02
1.499405124821095656e-02
1.492402389923339415e-02
1.510557071387506368e-02
1.489606325825055394e-02
1.499144754274503097e-02
1.490868865879938811e-02
1.483400940012774907e-02
1.503115294525693944e-02
1.498208759074801978e-02
1.486051246654569030e-02
1.487619047739396037e-02
1.485427281851962010e-02
1.475544762961043636e-02
1.496320008708719625e-02
1.510562600094106193e-02
1.491413910121640665e-02
1.487275844791152539e-02
1.486189896322525315e-02
1.488850599751203284e-02
1.482147124040414377e-02
1.486420428723488930e-02
1.505796721678946161e-02
1.490783153894243047e-02
1.484893044179076693e-02
1.491330198600496031e-02
1.476734116052587885e-02
1.485501758656219452e-02
1.489013466624575753e-02
1.491531382167809831e-02
1.492502614528986443e-02
1.491277280606721593e-02
1.483955243193920207e-02
1.506062009281952663e-02
1.492120118550302639e-02
1.491979599088887921e-02
1.491894698865188842e-02
1.490125259743970733e-02
1.502801121759898308e-02
1.485183967620526575e-02
1.497404995668483348e-02
1.494373654244108077e-02
1.484008012094387846e-02
1.502465661451743428e-02
1.518033667500212451e-02
1.493443384309086838e-02
1.514676713074247089e-02
1.510549036116061450e-02
1.483568264490091500e-02
1.484203898723710988e-02
1.492094269202074407e-02
1.487887684223160485e-02
1.493547698891345941e-02
1.489342681393680812e-02
1.488422293158803665e-02
1.490764844950223135e-02
1.496114757222433839e-02
1.483729800062352083e-02
1.490410313116419250e-02
1.478613679084861410e-02
1.494112911372723340e-02
1.478366717622664472e-02
1.486868662187797001e-02
1.489392082419311800e-02
1.501113866341480078e-02
1.477579509087821943e-02
1.493377297659192159e-02
1.481731655157841020e-02
1.501134223582451833e-02
1.489378344512691695e-02
1.475912399402116992e-02
1.498837146883536323e-02
1.495685240319162036e-02
1.487730733004578344e-02
1.495129000885706168e-02
1.502949115615991732e-02
1.490758164262954641e-02
1.477449085285658346e-02
1.496725005154873715e-02
1.495692949137536129e-02
1.488022850091128002e-02
1.491648263150924074e-02
1.499347658010951288e-02
1.495443986271295655e-02
1.498391568362549518e-02
1.492091622652910732e-02
1.471923875965570200e-02
1.476538907818234804e-02
1.491107435308789038e-02
1.496719736769272502e-02
1.487244854011295081e-02
1.491631740344720979e-02
1.502091442724983947e-02
1.516387498561750334e-02
1.481699925896368467e-02
1.495417279411891641e-02
1.489428525643521177e-02
1.503329004994348461e-02
1.509141808849547017e-02
1.494705145116568580e-02
1.484105803374723836e-02
1.499647405407015729e-02
1.491514330223333434e-02
1.503156220638438359e-02
1.487080988621241120e-02
