3.299529787601318542e-01
9.384647811872189049e-02
6.152323849220139168e-02
4.881213885174739281e-02
4.231514548605536108e-02
3.839811331159501823e-02
3.528929156363477815e-02
3.392305038737187389e-02
3.229768186658053125e-02
3.117780854568497073e-02
2.992855823216359137e-02
2.912976121865224963e-02
2.804368830035851301e-02
2.728639974663380624e-02
2.666760159822932283e-02
2.589512510507213303e-02
2.507656566269965762e-02
2.448977857242467387e-02
2.377212584538859405e-02
2.331528254289360128e-02
2.281126876068465675e-02
2.195819574099775948e-02
2.160726477014004304e-02
2.127628187680640978e-02
2.073032253851697301e-02
2.071166669563750951e-02
1.984869066921832875e-02
1.957122044762535720e-02
1.922161519257494303e-02
1.891601455076781166e-02
1.882372819554890137e-02
1.869688850487534471e-02
1.846293304519003656e-02
1.822509609351995880e-02
1.815703796301570971e-02
1.797163197767955023e-02
1.772439864939151510e-02
1.751968005356623406e-02
1.717448839890501483e-02
1.728272750409730676e-02
1.705551633789975999e-02
1.681933358760372491e-02
1.714155790820420106e-02
1.666900782456934640e-02
1.693783148707916561e-02
1.681502892486879189e-02
1.677445594745853585e-02
1.617173032154263154e-02
1.649567728704113070e-02
1.630000887416532124e-02
1.632030873521811767e-02
1.568578888895245591e-02
1.591041675957450413e-02
1.610135677303155266e-02
1.583191504384402412e-02
1.571722577833346152e-02
1.571149438696517117e-02
1.571409501884708099e-02
1.606574774337479750e-02
1.557740106797393664e-02
1.577738963683505621e-02
1.578807094529557226e-02
1.540671247502688190e-02
1.551582950429251408e-02
1.569110344373755850e-02
1.537053690933020723e-02
1.536457755968615065e-02
1.551117113627325725e-02
1.548100568987797847e-02
1.538837940048559325e-02
1.544166507666861962e-02
1.512057152458469271e-02
1.494667042541529892e-02
1.512205167163042756e-02
1.489189040446072844e-02
1.482954265414493378e-02
1.490718446797930155e-02
1.544793275649985163e-02
1.486959231722669895e-02
1.486204860575739140e-02
1.475468343471113622e-02
1.493769703708868433e-02
1.512106096553482090e-02
1.492311687106670851e-02
1.478983019179570986e-02
1.495131582138882129e-02
1.469023629141918974e-02
1.460090937082338634e-02
1.453254144379377208e-02
1.455811795582925491e-02
1.510333311830053607e-02
1.461856300916571788e-02
1.486445662535210675e-02
1.460815300384407309e-02
1.443271355187657375e-02
1.451222567504337896e-02
1.458175221066823971e-02
1.444523216661702629e-02
1.463217586263666770e-02
1.442476566950004133e-02
1.434740145754203645e-02
1.422128988888498279e-02
1.433122399137442236e-02
1.432293127431269117e-02
1.417129043467591464e-02
1.414439696032165038e-02
1.416585839244224876e-02
1.403391205437568359e-02
1.418121656873697241e-02
1.419699405264747590e-02
1.421099082799476623e-02
1.410044484501861081e-02
1.427684761170404382e-02
1.416358145809504254e-02
1.408739717841432822e-02
1.421499365226806810e-02
1.423171803223201130e-02
1.412930383800822809e-02
1.402236710677434890e-02
1.402779233592527444e-02
1.410995384066507895e-02
1.416132933836793117e-02
1.405409613487472280e-02
1.426779587449699890e-02
1.392946620417176776e-02
1.392135308160968518e-02
1.384689510981739445e-02
1.398016458918683626e-02
1.391378666848361832e-02
1.395418615065591346e-02
1.397453542018803341e-02
1.388017200782326946e-02
1.389481032836879792e-02
1.410016196328590585e-02
1.365477602924143087e-02
1.397208419126913168e-02
1.392274776896570802e-02
1.361649395064525384e-02
1.375628799177368473e-02
1.371423473422220610e-02
1.387530158297157860e-02
1.390855173044672731e-02
1.375054329592692928e-02
1.372097172443028854e-02
1.365723420791542173e-02
1.362035830098043410e-02
1.356451632422459204e-02
1.353005291356678200e-02
1.372051213464016428e-02
1.363370043921129440e-02
1.357641014714834268e-02
1.370842859621920762e-02
1.377993820326660346e-02
1.385124979964690896e-02
1.369008483777396125e-02
1.376579539392885736e-02
1.352999978203723273e-02
1.363921981531551579e-02
1.353353562690238522e-02
1.359036971823614388e-02
1.347218051344703689e-02
1.362678382227207850e-02
1.368804544665197173e-02
1.348710819965491872e-02
1.364398608925683314e-02
1.358948234160561527e-02
1.364169613505907680e-02
1.353886672573960913e-02
1.362472853885840322e-02
1.357357546349600291e-02
1.364772629236510153e-02
1.364762827188915374e-02
1.350234342649492096e-02
1.352364608926259239e-02
1.357979024855992395e-02
1.354352255685405647e-02
1.357702455602359179e-02
1.353968505924966516e-02
1.350161607922931856e-02
1.345177820475950900e-02
1.336588891337806180e-02
1.344360484570634139e-02
1.334651880212217416e-02
1.345548640755253253e-02
1.346887645033147986e-02
1.355343556996533791e-02
1.348461846784735838e-02
1.349717653766275595e-02
1.344523066941629742e-02
1.341212142619661526e-02
1.361701261630232987e-02
1.340227651849011659e-02
1.356160636515313378e-02
1.356729109468160499e-02
1.346682042366721503e-02
1.330713748678857659e-02
1.335147826158331226e-02
1.341966030317836081e-02
1.353125437348844280e-02
1.344383724008065169e-02
