6.834634686757207200e-01
5.289156219487214372e-01
4.014236741975567013e-01
3.157042406164186632e-01
2.547796308750677752e-01
2.134710439698364604e-01
1.781919111627690011e-01
1.559680953234919287e-01
1.408844528173931188e-01
1.257537578802203349e-01
1.118980136437064399e-01
1.036973305434367165e-01
9.376948573971675971e-02
8.932327569742372353e-02
8.229014667329855037e-02
7.908534438231178132e-02
7.362873920301171715e-02
6.929287262936417724e-02
6.478092276851753206e-02
5.910345844658417697e-02
5.780385430673336961e-02
5.450487639311103749e-02
5.174092275990559153e-02
5.080926177814561184e-02
4.916326671716540059e-02
4.727229564454825395e-02
4.685457643723085763e-02
4.520749350168361963e-02
4.491628117181131058e-02
4.419196928103593519e-02
4.327273258284714680e-02
4.235337465928021294e-02
4.149303343808669053e-02
4.193301858043771424e-02
4.094549608176027700e-02
4.041013961809052091e-02
4.034668932216254472e-02
3.947194303570611407e-02
3.928989897125786945e-02
3.950414104824819667e-02
3.919351540759248576e-02
3.813831944616865449e-02
3.820604786288740035e-02
3.776305698529950489e-02
3.719603835912762418e-02
3.735589858246549100e-02
3.704547547961432874e-02
3.658473532788136112e-02
3.638680486052763702e-02
3.646065027917227974e-02
3.643159085297654337e-02
3.576635747991516873e-02
3.605899817558585324e-02
3.553970800139715641e-02
3.556075883818243799e-02
3.581066569337244820e-02
3.566858305940046048e-02
3.536121578805899446e-02
3.530045931688721716e-02
3.550570841479654821e-02
3.502148738280952411e-02
3.499886238976532282e-02
3.490503934642964767e-02
3.472137740134000755e-02
3.467505878176773554e-02
3.453235193457323410e-02
3.471343034991702936e-02
3.479974732035279877e-02
3.430816884821970975e-02
3.455821026242675287e-02
3.449179997124560138e-02
3.441607365661911860e-02
3.428557382199839965e-02
3.427103706900712365e-02
3.414611441798822561e-02
3.387577650664222451e-02
3.375669849895272107e-02
3.396564885942583017e-02
3.399649422124875753e-02
3.401946034501499710e-02
3.399489582661722326e-02
3.374770190196303699e-02
3.373547196615279270e-02
3.366096915108487964e-02
3.378267807783947446e-02
3.379766085416897881e-02
3.378720024810435985e-02
3.346511054755852560e-02
3.351958148985766106e-02
3.357705862476460801e-02
3.339812998429762120e-02
3.363920289947807535e-02
3.342108219609223052e-02
3.338356009528106738e-02
3.336544025295160726e-02
3.344961852508804290e-02
3.354331275331824680e-02
3.337631045328648405e-02
3.370193733741589509e-02
3.319928856821677265e-02
3.348436406517477787e-02
3.346621038990711672e-02
3.315057532960748177e-02
3.335589587555019830e-02
3.326781563940255787e-02
3.305227514210819229e-02
3.318366807223056131e-02
3.308769990361557639e-02
3.303100802310635770e-02
3.300961457447212921e-02
3.318253129071975505e-02
3.311229517663599742e-02
3.285243163050927812e-02
3.290830507296939322e-02
3.304129318834489459e-02
3.293506671600425484e-02
3.314594562304445935e-02
3.308699532761233408e-02
3.288905914000209152e-02
3.273083911070534535e-02
3.295224265191148971e-02
3.275616665751922979e-02
3.278596707080230765e-02
3.271897317511083397e-02
3.268075669066868028e-02
3.285285142042074225e-02
3.279670319838714349e-02
3.273517067859564589e-02
3.291548714373232487e-02
3.266874181578226927e-02
3.263737848422661181e-02
3.268275356341485832e-02
3.275075338610245607e-02
3.276252163539607881e-02
3.260889122128590722e-02
3.271940734171256693e-02
3.266677147795963437e-02
3.254004196739677945e-02
3.269398458128234403e-02
3.281609237232356591e-02
3.255737169317230589e-02
3.276802270149839491e-02
3.272445822392228837e-02
3.249218230411679564e-02
3.241377399939241594e-02
3.255627184014146108e-02
3.250690531066019462e-02
3.263428399905410338e-02
3.253316923368021474e-02
3.246098978443830163e-02
3.245603687362588752e-02
3.248164107725939886e-02
3.231739136956199299e-02
3.248833806468472141e-02
3.232297691958978952e-02
3.246818485415190608e-02
3.227402911621635173e-02
3.246099699717680531e-02
3.243709913330326128e-02
3.246335890549917336e-02
3.230564740335682000e-02
3.240565441565284449e-02
3.228712501580983940e-02
3.245008597275354789e-02
3.233324595069946711e-02
3.222577699088494813e-02
3.242098323749267874e-02
3.243099202609015658e-02
3.230110348920702673e-02
3.240831979144363773e-02
3.244401679703545760e-02
3.232150461656923407e-02
3.226783502125098180e-02
3.231889252497092274e-02
3.231771216175838984e-02
3.222972610840372371e-02
3.245049945536367803e-02
3.239155216270167559e-02
3.227842119832125684e-02
3.240182455058830679e-02
3.231049557036628356e-02
3.204802569068911089e-02
3.217310704318118025e-02
3.225179932867324600e-02
3.242024005130897391e-02
3.221647766513248412e-02
3.225030341918184301e-02
3.242813298422662915e-02
3.250426809130245454e-02
3.221797025921610547e-02
3.230528723032095179e-02
3.228188571071222146e-02
3.240163982252947800e-02
3.246060295091464376e-02
3.227946433802759280e-02
3.217295795821393384e-02
3.234212509693669413e-02
3.227300371187134809e-02
3.232897278257038098e-02
3.224393104778647962e-02
