7.473957008227967158e+00
4.476027762262444476e+00
2.578255459300258678e+00
1.594706680691033052e+00
1.038602564941372819e+00
7.291181858171496000e-01
5.080377152614425906e-01
3.892167481414058883e-01
3.175748647305003391e-01
2.530241219359531946e-01
2.003386473185137795e-01
1.720501817893563545e-01
1.406834632942551011e-01
1.276583613010874863e-01
1.083466918322077976e-01
1.000718671371016583e-01
8.673905978600184030e-02
7.682403515566858798e-02
6.714508727585014047e-02
5.589150080555363442e-02
5.346056916342492582e-02
4.753250481005300704e-02
4.283396940874426018e-02
4.130529731904205443e-02
3.867242870885029271e-02
3.575471896808921080e-02
3.512562132979694246e-02
3.269947949927626968e-02
3.227955702888338219e-02
3.124688238297637990e-02
2.996047016298561752e-02
2.870093352046974855e-02
2.754674918230688371e-02
2.813404875627735155e-02
2.682453839010313923e-02
2.612767014325710624e-02
2.604568542814568455e-02
2.492854859222445527e-02
2.469913857874640392e-02
2.496923455935821240e-02
2.457810640008303155e-02
2.327250256284809846e-02
2.335523349281988514e-02
2.281677556599964046e-02
2.213672431381909569e-02
2.232741054245515958e-02
2.195787605617130142e-02
2.141508574417808758e-02
2.118399308732988456e-02
2.127006430048168639e-02
2.123617299325894839e-02
2.046771723809733684e-02
2.080402159083046335e-02
2.020913351719316742e-02
2.023308110635792939e-02
2.051846043843972081e-02
2.035596507944558917e-02
2.000664931215476519e-02
1.993795884773135255e-02
2.017048528058486973e-02
1.962407325606858530e-02
1.959872589724367259e-02
1.949378834841282784e-02
1.928918477834055262e-02
1.923775522430476448e-02
1.907973328213158348e-02
1.928035594653665016e-02
1.937635861696642911e-02
1.883280719548725141e-02
1.910831834467356660e-02
1.903494824410269237e-02
1.895145801500531732e-02
1.880800915685923447e-02
1.879206370856416689e-02
1.865531407754149329e-02
1.836109174284757117e-02
1.823223509678715062e-02
1.845864483906903969e-02
1.849218590936639942e-02
1.851717891465676571e-02
1.849044707620091724e-02
1.822251813862015360e-02
1.820931310046529708e-02
1.812897350704460731e-02
1.826030940977496977e-02
1.827651006741481954e-02
1.826519840968805417e-02
1.791861798336500528e-02
1.797699749208333045e-02
1.803870185425407099e-02
1.784696138316863370e-02
1.810553554739606844e-02
1.787149976252725217e-02
1.783139335416387972e-02
1.781204165237253167e-02
1.790203167158260777e-02
1.800246128747076332e-02
1.782364959158656836e-02
1.817312928472171810e-02
1.763508418297166438e-02
1.793924218958668423e-02
1.791979580578443101e-02
1.758337031494368666e-02
1.780185263456874820e-02
1.770796091867643529e-02
1.747924627311396931e-02
1.761849322764758377e-02
1.751673415858755883e-02
1.745675985636026273e-02
1.743415446968324400e-02
1.761728612575353195e-02
1.754278546983474227e-02
1.726851622459658550e-02
1.732730468440997137e-02
1.746763288893066896e-02
1.735549791340242412e-02
1.757845937993312083e-02
1.751598815695104908e-02
1.730704337783288416e-02
1.714092526225405658e-02
1.737360473264727700e-02
1.716746326552279212e-02
1.719871418828373272e-02
1.712849929013796069e-02
1.708850972599497073e-02
1.726895754323586052e-02
1.720997985092955623e-02
1.714546238970860934e-02
1.733486870254732914e-02
1.707594706921985311e-02
1.704317558916252848e-02
1.709059808779050255e-02
1.716178955771682432e-02
1.717412518255673898e-02
1.701343658690651281e-02
1.712895386868662842e-02
1.707388734069179015e-02
1.694166929983909747e-02
1.710234604481803908e-02
1.723033469742196733e-02
1.695971922507803764e-02
1.717989298825462613e-02
1.713424265678776051e-02
1.689187057414337154e-02
1.681044391813900363e-02
1.695857337806700588e-02
1.690718228601964870e-02
1.703994387409470124e-02
1.693451360619643159e-02
1.685945372456652130e-02
1.685430927267461340e-02
1.688091211315048343e-02
1.671062055893503956e-02
1.688787376328387824e-02
1.671639739110935066e-02
1.686692844357406962e-02
1.666580728631009145e-02
1.685946121681154708e-02
1.683464640293989151e-02
1.686191474283604136e-02
1.669847766640024378e-02
1.680202300970752918e-02
1.667933506858453388e-02
1.684812927422554840e-02
1.672702069933477281e-02
1.661601124265999277e-02
1.681792246537250346e-02
1.682830790074117330e-02
1.669378058592739869e-02
1.680478706727163776e-02
1.684182761482110047e-02
1.671487457086250419e-02
1.665941083133874387e-02
1.671217302464994559e-02
1.671095230992426101e-02
1.662008392036353269e-02
1.684855863844093513e-02
1.678740242414437922e-02
1.667034360089976464e-02
1.679805174731371573e-02
1.670348998404255075e-02
1.643321521073710587e-02
1.656174106899191423e-02
1.664285695899212630e-02
1.681715143975197335e-02
1.660642293036768483e-02
1.664131313006867591e-02
1.682534094148298992e-02
1.690443910642020625e-02
1.660796172197973389e-02
1.669810532853660892e-02
1.667392232063177535e-02
1.679786021102285323e-02
1.685905190299085213e-02
1.667142108719991966e-02
1.656158758049602192e-02
1.673620889257443692e-02
1.666474829738338881e-02
1.672259969881882691e-02
1.663473743063054525e-02
