1.867821264358466016e-01
2.070021694689466382e-02
1.925664108344598766e-02
1.861187507512799405e-02
1.840354154017149330e-02
1.800300032390575802e-02
1.825447427353968713e-02
1.758309609436413748e-02
1.772367817986952518e-02
1.744289345745193495e-02
1.777113546829735963e-02
1.728330019518340907e-02
1.722418959334231364e-02
1.715399150393511277e-02
1.701330558413214830e-02
1.732102442500099704e-02
1.684866593088628003e-02
1.701718239897960158e-02
1.647922014490815767e-02
1.675131314826246859e-02
1.621804927524767362e-02
1.644620083011033226e-02
1.622507585572046176e-02
1.632357348949370693e-02
1.614930362179221868e-02
1.651573540120009759e-02
1.615525780964577329e-02
1.609655234537887836e-02
1.584620641936597060e-02
1.595564231709495351e-02
1.590376078200183424e-02
1.577746113925649479e-02
1.563551712519766976e-02
1.593179252374459648e-02
1.563596615747532212e-02
1.592030242052778696e-02
1.570361377793903432e-02
1.544202167475432728e-02
1.563235120030871672e-02
1.578343521411481806e-02
1.577420512851523612e-02
1.570121002947225466e-02
1.556090553813989710e-02
1.565816345412218702e-02
1.567832808778212711e-02
1.543764103236689930e-02
1.575434640491087113e-02
1.546472375558917943e-02
1.554619603904715784e-02
1.550064594239780776e-02
1.554102500524829310e-02
1.546000675870138306e-02
1.549612753371005548e-02
1.519829383724483410e-02
1.526078265568796971e-02
1.551511072422982231e-02
1.556433765871221599e-02
1.541550640555981039e-02
1.539666185465951749e-02
1.590804785302137730e-02
1.541357160251783688e-02
1.541755946287722001e-02
1.541385425565143345e-02
1.532043845294729645e-02
1.532343976085254016e-02
1.540774265671835189e-02
1.542167461705966011e-02
1.595749296533891665e-02
1.525304835828903555e-02
1.541657130756791255e-02
1.540702260426131225e-02
1.550643019247473393e-02
1.523284371125332125e-02
1.522810857113973682e-02
1.515649424359333079e-02
1.508010423480810741e-02
1.500492918778929818e-02
1.513662514023548199e-02
1.509682612346583373e-02
1.535741279734984845e-02
1.550854640735084555e-02
1.517721105595691219e-02
1.492968472496916839e-02
1.502845332582007296e-02
1.525497827924003798e-02
1.502671427207819162e-02
1.517358296019793128e-02
1.520404536277055775e-02
1.510574385940440315e-02
1.532412603040013421e-02
1.507792868978229464e-02
1.521370569162332209e-02
1.536644495157688320e-02
1.499704664507717396e-02
1.503326078844175080e-02
1.519342108727677818e-02
1.525063807381676559e-02
1.510030839820964213e-02
1.533843272512680662e-02
1.514629671154053663e-02
1.511027545733540679e-02
1.531833457891224742e-02
1.501140174488618632e-02
1.536451704767450958e-02
1.512254061291745839e-02
1.498241608129128113e-02
1.508579280701253557e-02
1.502215654932354677e-02
1.495465201227680688e-02
1.513342180027904202e-02
1.518591863854804568e-02
1.504745815161680905e-02
1.492257823824490355e-02
1.497813189859714504e-02
1.491080301470662332e-02
1.496849652183683370e-02
1.498616477964740019e-02
1.516540685194756911e-02
1.500040567806807529e-02
1.496335533406716219e-02
1.503249145554084489e-02
1.481003713663340583e-02
1.497707075128952743e-02
1.491135977404682220e-02
1.484510462338987230e-02
1.495882640102584073e-02
1.491097408804323635e-02
1.490959296403289447e-02
1.513435888847564949e-02
1.498730681681384631e-02
1.496308393564009867e-02
1.494854089411857927e-02
1.486687280008928795e-02
1.498889944540630903e-02
1.478651656703860139e-02
1.494802353054023626e-02
1.490558207590590364e-02
1.480509486588600480e-02
1.498285198763927954e-02
1.516665723501590263e-02
1.488750690038789792e-02
1.508557210071829330e-02
1.501374028606765158e-02
1.475798030089782963e-02
1.474217882281855449e-02
1.483994013580836741e-02
1.480636727309932871e-02
1.483246753433425241e-02
1.477527622901426106e-02
1.479095679283011326e-02
1.478654768955158481e-02
1.476951912944123382e-02
1.475181071773955764e-02
1.480460760976073584e-02
1.466902568282788324e-02
1.478225186695916564e-02
1.462451850243827803e-02
1.472640599271184472e-02
1.472198484841276758e-02
1.483615173370038225e-02
1.459324509477275510e-02
1.473116654526899702e-02
1.459657084033415958e-02
1.481902483164479825e-02
1.468601816848508559e-02
1.455060280941165331e-02
1.477497537669382639e-02
1.475169569858464196e-02
1.463762581462792201e-02
1.467991045578137879e-02
1.468055283471026914e-02
1.464885571366992927e-02
1.457269371961030999e-02
1.470699463399094409e-02
1.465081784939556778e-02
1.459353935594360011e-02
1.462117313987395736e-02
1.463179518101050645e-02
1.462480639262745720e-02
1.467171254845564890e-02
1.463176844796786752e-02
1.443325625569151158e-02
1.445428055564039645e-02
1.455407776428680605e-02
1.460438802952698442e-02
1.453646153105390103e-02
1.453283511085860617e-02
1.464796558823109641e-02
1.475663988793824398e-02
1.455294457264244556e-02
1.454438801299323160e-02
1.455312153210111883e-02
1.460380005454154327e-02
1.467830011081930862e-02
1.456626366921945706e-02
1.450722270334760429e-02
1.459552164745043200e-02
1.455259933422335845e-02
1.460334984177167998e-02
1.450622674290156199e-02
