3.827620582916138048e-01
1.382435095161014538e-01
9.675979728529472690e-02
7.908734739074035902e-02
6.600242175760641372e-02
5.780691724674645593e-02
5.138402848787214372e-02
4.837904340498649230e-02
4.695797467446787693e-02
4.436306959329790883e-02
4.345798716028594771e-02
4.250124254449572092e-02
4.119001845961019898e-02
4.041394549668816255e-02
4.011507917729158906e-02
3.985735536650013983e-02
3.844246035847093818e-02
3.848867521649565471e-02
3.814701509841431776e-02
3.775710680287659021e-02
3.755654556134046390e-02
3.699606887471405814e-02
3.612716521383962237e-02
3.607982995515705144e-02
3.573958446363279667e-02
3.785904179718633383e-02
3.671994096002682839e-02
3.562846176369881962e-02
3.580438685859915759e-02
3.524843398767676245e-02
3.575487928199046206e-02
3.557131804311065154e-02
3.454263834450933823e-02
3.500599699101687029e-02
3.485116156480005251e-02
3.489888999894964067e-02
3.512936983668189794e-02
3.515927320596553413e-02
3.445534086041743271e-02
3.542974414853238690e-02
3.552660286775610049e-02
3.446066912777964036e-02
3.431436924511960945e-02
3.433460244068627792e-02
3.460725578966762639e-02
3.427189833574184608e-02
3.400142537193546338e-02
3.378614305974947385e-02
3.363087807196466633e-02
3.398087518457464096e-02
3.424382718216072152e-02
3.363298172330866226e-02
3.379059071801537861e-02
3.354309107352771574e-02
3.339120742342224085e-02
3.395895768525336589e-02
3.384359688940818955e-02
3.328674589734409439e-02
3.332365152678451459e-02
3.523104354707436853e-02
3.637469083345473697e-02
3.391458572086876455e-02
3.358279297515852357e-02
3.306871419574102661e-02
3.324173279166259265e-02
3.328208710121360880e-02
3.314146698698009624e-02
3.342304249449944142e-02
3.287913684103531409e-02
3.311648390618766175e-02
3.269670740815632665e-02
3.291440637303839900e-02
3.293932566716142180e-02
3.324109286193098478e-02
3.241386212192632482e-02
3.217778923953477921e-02
3.236195276699568857e-02
3.293421247912949046e-02
3.255220652439833051e-02
3.252194065958721042e-02
3.258068829486224921e-02
3.228272712468436417e-02
3.234766650753323480e-02
3.242500650496463882e-02
3.279617064676024207e-02
3.243454718838856971e-02
3.212815703808691303e-02
3.207805635574646069e-02
3.217225860734498205e-02
3.232471356664855938e-02
3.237651831078913744e-02
3.218801812906509074e-02
3.208719842613878825e-02
3.190768761760080785e-02
3.184150975104493853e-02
3.227924037231740678e-02
3.223621460033083280e-02
3.182993169770413633e-02
3.226084833336925750e-02
3.174811382004797539e-02
3.208850464172074979e-02
3.189439673996104924e-02
3.191642516571677191e-02
3.176899325979587463e-02
3.179715366657046016e-02
3.320013250899252200e-02
3.228158721779192386e-02
3.187357474457092749e-02
3.173677500488460146e-02
3.169833299919581904e-02
3.174670088678090835e-02
3.170286367008311873e-02
3.134880894556517361e-02
3.149760625108226353e-02
3.156013432375558841e-02
3.131727810665577150e-02
3.156879684471891601e-02
3.157571200449223875e-02
3.141433431154222466e-02
3.141451463976770858e-02
3.149731545679115147e-02
3.126399059688834969e-02
3.125878151056880883e-02
3.123020920004684550e-02
3.124522520432380587e-02
3.149653643226512506e-02
3.129347347390650652e-02
3.135877626545634927e-02
3.150225610753448063e-02
3.117928714795686895e-02
3.124841442884132223e-02
3.122673267193833493e-02
3.130906507565884428e-02
3.123792381861641154e-02
3.112366803889278152e-02
3.124831619204551658e-02
3.123618945391168356e-02
3.107358911445457297e-02
3.118800932206689316e-02
3.133895264420285404e-02
3.110871481081384227e-02
3.135635915931372919e-02
3.126908495011879174e-02
3.108275883752274760e-02
3.095359680703494570e-02
3.108240347965445655e-02
3.102732012149500215e-02
3.105969723164503024e-02
3.096074605392755766e-02
3.098679353930532468e-02
3.099590131195990514e-02
3.097537415387131149e-02
3.085597639870173159e-02
3.104561810106108363e-02
3.079019004893836231e-02
3.097879459448581868e-02
3.080798937677504609e-02
3.083366465565092265e-02
3.087798463079924685e-02
3.096153665971143262e-02
3.072948611440952382e-02
3.086684905029898895e-02
3.076505008832746899e-02
3.100179193887728571e-02
3.085203155459311647e-02
3.065161399967012562e-02
3.087352594953119561e-02
3.089001558555892757e-02
3.076365977601375895e-02
3.084572849898627525e-02
3.078726911377634851e-02
3.078428609978514988e-02
3.066818832333336603e-02
3.084121918678456309e-02
3.080173614467514656e-02
3.070462007193680218e-02
3.078473421927693104e-02
3.084110961654288816e-02
3.079857358577809540e-02
3.088760299687410074e-02
3.077709931729740583e-02
3.055495588886499372e-02
3.058377061197238914e-02
3.070051514774690266e-02
3.083472386888590905e-02
3.067295822311587317e-02
3.068804244321763144e-02
3.081088455955480893e-02
3.097701896961309320e-02
3.070584301941092081e-02
3.076117307965886213e-02
3.068339603963738879e-02
3.081852726220088087e-02
3.084090281304850342e-02
3.073010332939228942e-02
3.062728066179588524e-02
3.078621515979275761e-02
3.075077462533526082e-02
3.079550408154349550e-02
3.065974953638230319e-02
