2.344108692282124373e+00
3.057802867732549723e-01
1.497993339310612626e-01
1.000769362768583193e-01
6.970111484590330031e-02
5.346623490515508420e-02
4.224509413827929466e-02
3.744850945250507296e-02
3.528082216844746766e-02
3.148931109983670040e-02
3.021754636837725022e-02
2.890168988521684551e-02
2.714588193124846394e-02
2.613259184974850435e-02
2.574751323840597170e-02
2.541774042898364144e-02
2.364516413460175312e-02
2.370204991873419223e-02
2.328311617469839764e-02
2.280958582598127671e-02
2.256790583201667699e-02
2.189934579492138281e-02
2.088275306220901614e-02
2.082806607348876987e-02
2.043708636213028770e-02
2.293291273281762577e-02
2.157366502572569816e-02
2.031019660235758306e-02
2.051126589312365217e-02
1.987923357733770505e-02
2.045458227951537158e-02
2.024509867718606720e-02
1.909110182079306814e-02
1.960671720536131743e-02
1.943365539865274036e-02
1.948692037054059953e-02
1.974516200195801721e-02
1.977879187794761781e-02
1.899472822092081528e-02
2.008426832688743613e-02
2.019423218117209762e-02
1.900060346774887568e-02
1.883961498704657053e-02
1.886183879615967868e-02
1.916259445266373443e-02
1.879300824856679555e-02
1.849755083717274928e-02
1.826405540566172422e-02
1.809657535826166355e-02
1.847519805295425380e-02
1.876223520130703218e-02
1.809883935360662860e-02
1.826886433715883135e-02
1.800222334027159685e-02
1.783956373110413482e-02
1.845137291310126187e-02
1.832622480660415359e-02
1.772811923894965919e-02
1.776745201725708767e-02
1.985962287065360515e-02
2.116989013167065378e-02
1.840318599389048973e-02
1.804486374419770819e-02
1.749663773695366367e-02
1.768020478387673580e-02
1.772315714900430869e-02
1.757370934478546393e-02
1.787359631342584632e-02
1.729660223058441387e-02
1.754722410094058244e-02
1.710519480535335757e-02
1.733373035023217518e-02
1.735998680651710743e-02
1.767952407448830296e-02
1.681053532254800364e-02
1.656656192550272355e-02
1.675673579029215987e-02
1.735459762592718100e-02
1.695433839371329743e-02
1.692282598825138942e-02
1.698401999627158210e-02
1.667479152970930897e-02
1.674194445572139978e-02
1.682209674955198811e-02
1.720942094546269036e-02
1.683199762105288058e-02
1.651549559462358110e-02
1.646402719299913664e-02
1.656086758236613096e-02
1.671819371465397414e-02
1.677182300686182528e-02
1.657709617723237064e-02
1.647341284541445697e-02
1.628960846563833748e-02
1.622210789161423680e-02
1.667118974422153801e-02
1.662677650813732325e-02
1.621031283008816937e-02
1.665219736301846651e-02
1.612708369809153983e-02
1.647475408226774587e-02
1.627604069449661156e-02
1.629853112574078389e-02
1.614830292385529067e-02
1.617694370072792626e-02
1.763598077783459089e-02
1.667361397279851221e-02
1.625479627196399143e-02
1.611556620337068965e-02
1.607654903884650488e-02
1.612564827511577328e-02
1.608114503814201540e-02
1.572396515688875146e-02
1.587358719277146696e-02
1.593667325653593328e-02
1.569235052815393452e-02
1.594542294757015852e-02
1.595240941745016544e-02
1.578976640379742627e-02
1.578994768083487668e-02
1.587329409575383848e-02
1.563899372867717102e-02
1.563378274440765242e-02
1.560521546685904835e-02
1.562022556910258597e-02
1.587250891566407279e-02
1.566850371299344236e-02
1.573396558187117530e-02
1.587827423783509315e-02
1.555436715287597527e-02
1.562341446906589590e-02
1.560174133383521872e-02
1.568412089458944350e-02
1.561292615196291887e-02
1.549892339512313685e-02
1.562331623740886334e-02
1.561119250561061704e-02
1.544908704726319533e-02
1.556307080757330340e-02
1.571407924536942502e-02
1.548403419488877594e-02
1.573154015564604685e-02
1.564409077788392680e-02
1.545820635122557504e-02
1.533000248467974481e-02
1.545785289715256687e-02
1.540311350274765727e-02
1.543527667394332774e-02
1.533708473945265272e-02
1.536290198156054637e-02
1.537193437025212439e-02
1.535158086355710265e-02
1.523346047227581296e-02
1.542128645243090457e-02
1.516857285199588873e-02
1.535497143243749925e-02
1.518611535103174710e-02
1.521143801755418974e-02
1.525519895775799203e-02
1.533786803729047903e-02
1.510882106969100268e-02
1.524419792470309808e-02
1.514381291099676889e-02
1.537777765474298598e-02
1.522956561672975107e-02
1.503234305255637948e-02
1.525079367290201916e-02
1.526708900601717392e-02
1.514244420502923114e-02
1.522334346613078704e-02
1.516569503174539264e-02
1.516275633077480284e-02
1.504860440056705710e-02
1.521889281483661260e-02
1.517995119241899622e-02
1.508437910019174918e-02
1.516319777522432202e-02
1.521878467807382881e-02
1.517683415869741127e-02
1.526470430228009552e-02
1.515567747818861652e-02
1.493768526992776853e-02
1.496587239753193431e-02
1.508034608539259198e-02
1.521248313712707766e-02
1.505328585851218627e-02
1.506809518394762980e-02
1.518896971747540556e-02
1.535321126790030986e-02
1.508558072852330192e-02
1.513999630778766446e-02
1.506353268040376732e-02
1.519650596177630174e-02
1.521858058118245004e-02
1.510942801016203207e-02
1.500848513178265967e-02
1.516465670184085311e-02
1.512976224093060679e-02
1.517380914618179401e-02
1.504032386613911657e-02
