4.113921100207893478e-01
2.548143084265330205e-01
9.839891222911296975e-02
9.083236725154678060e-02
8.384958812425145902e-02
7.571450329273708701e-02
6.600418367505783701e-02
5.729252157935704748e-02
5.169878748159266457e-02
4.728501047002335589e-02
4.402478540034137494e-02
4.154193626621979774e-02
3.984802928271257566e-02
3.838063054295965532e-02
3.769143475210361832e-02
3.698812653016864821e-02
3.671472317034134986e-02
3.624295801974743159e-02
3.574154061889620732e-02
3.558577132245465541e-02
3.512179096904691211e-02
3.506301266773611397e-02
3.477385571470446163e-02
3.469293332112612788e-02
3.452502689163828437e-02
3.468143557052075915e-02
3.429371013944226831e-02
3.408310643155885999e-02
3.416304464570452115e-02
3.398984575026776228e-02
3.395815208595712870e-02
3.398692446300286690e-02
3.365735841738072553e-02
3.382506126793970863e-02
3.352842585152283200e-02
3.369748525258869920e-02
3.353245220481387151e-02
3.337707238695492712e-02
3.337481006481084894e-02
3.349436838233932345e-02
3.344993358782021031e-02
3.325720327718960367e-02
3.328847023526906174e-02
3.335346884936896128e-02
3.330950165228430127e-02
3.323785622236428289e-02
3.341022330654463968e-02
3.316762774733672536e-02
3.315187162710526991e-02
3.304570250402223686e-02
3.307827268550086325e-02
3.300940273069364467e-02
3.310784656573621809e-02
3.277017985232805880e-02
3.277250228312432456e-02
3.286218556813785829e-02
3.284361612202523623e-02
3.295414673473068962e-02
3.278872606634015280e-02
3.324236219227375000e-02
3.271474046321265483e-02
3.283286246155490279e-02
3.276588099018269001e-02
3.263708397005278539e-02
3.255068461859729478e-02
3.282462466860519568e-02
3.251842662160762953e-02
3.285129081706485155e-02
3.228344207077402800e-02
3.266552771655036741e-02
3.250449638694280496e-02
3.262969257102998205e-02
3.241179007748611063e-02
3.225457061279857207e-02
3.227832950515680671e-02
3.217477791362105544e-02
3.220063894372616337e-02
3.231549938011107903e-02
3.223595627262788865e-02
3.238755112158446525e-02
3.237518486485282260e-02
3.210152856550513301e-02
3.205383583959973276e-02
3.204976423074861608e-02
3.214871383396805671e-02
3.204122004432824466e-02
3.213128148612015567e-02
3.211745769842331427e-02
3.193043490702977133e-02
3.213173639197882542e-02
3.185207936074826301e-02
3.206722278972809481e-02
3.203162058103169868e-02
3.184363226315662515e-02
3.185632124672102550e-02
3.195669263710666091e-02
3.199764654594651481e-02
3.198965692561790697e-02
3.212765670250864597e-02
3.176198218869562967e-02
3.189654792367604963e-02
3.198815632234237871e-02
3.164360938836554421e-02
3.210753426786164960e-02
3.170869242430317259e-02
3.171586038185229134e-02
3.171261028761208911e-02
3.159225384985067664e-02
3.152395484326124542e-02
3.176360612146041096e-02
3.184102155549106000e-02
3.163237893611739460e-02
3.153224963461004338e-02
3.158602599670322364e-02
3.160204270714122438e-02
3.151184762588107868e-02
3.155291348817258062e-02
3.170839984128651784e-02
3.156108740633017246e-02
3.150762184560505774e-02
3.156618723120696579e-02
3.136633265135266302e-02
3.145201836992726069e-02
3.146731907034183706e-02
3.139054774209588256e-02
3.150827050693372905e-02
3.143686852259761078e-02
3.140244487776843590e-02
3.159538468162648855e-02
3.145490651682595479e-02
3.152585576636410952e-02
3.145124965978041143e-02
3.140911232932488278e-02
3.151499725607394276e-02
3.142264825306390758e-02
3.150591315246249052e-02
3.144076602595661379e-02
3.130045082424255665e-02
3.151969602640702917e-02
3.165770768790481665e-02
3.138021465463806253e-02
3.162323684799531881e-02
3.159667951224459648e-02
3.125574136055944002e-02
3.127114866278041250e-02
3.132329521196097755e-02
3.128815312249785124e-02
3.132209122161805359e-02
3.129867534671681994e-02
3.128556725595950383e-02
3.132136970864095316e-02
3.137789067617610672e-02
3.119972290141968460e-02
3.126608466061907288e-02
3.117704666764027979e-02
3.130256483812188933e-02
3.114081357079867204e-02
3.122258976358300436e-02
3.123689404063875047e-02
3.135534226227978949e-02
3.111209396456000864e-02
3.128790764765734811e-02
3.117064078174374211e-02
3.134448247786297131e-02
3.124967509009178926e-02
3.106591727828346763e-02
3.131411026205725701e-02
3.127824432607349825e-02
3.118756850406108339e-02
3.124760201705688994e-02
3.123071002965489146e-02
3.118743970517509276e-02
3.107945183739347500e-02
3.124976708025775998e-02
3.126613294277889171e-02
3.114539964907772282e-02
3.121001797881954934e-02
3.127402293107235665e-02
3.122990826598239997e-02
3.128268192362750749e-02
3.119117892781855458e-02
3.098300472615598752e-02
3.103577332779190387e-02
3.120270220108550471e-02
3.125572050806807445e-02
3.111958949368781938e-02
3.117690981269459830e-02
3.129301931145933580e-02
3.142253514285406335e-02
3.115985059469454990e-02
3.121659426410391611e-02
3.116059168659340850e-02
3.128688317944588321e-02
3.136188482078088036e-02
3.121152933006671182e-02
3.108481125523971170e-02
3.127441839744232038e-02
3.117721595855835887e-02
3.125927682044664369e-02
3.111564414209845239e-02
