2.707895490997715982e+00
1.038885308462276891e+00
1.549175348459628510e-01
1.320083030483178987e-01
1.124920548577057755e-01
9.172297614185433157e-02
6.970483620177235495e-02
5.251892846273748666e-02
4.276423403307011428e-02
3.577395544240349196e-02
3.101090767273777249e-02
2.761171949994668459e-02
2.540584700345470057e-02
2.356916481400268132e-02
2.273030805875334709e-02
2.188994406738824922e-02
2.156753435959679957e-02
2.101683209633879376e-02
2.043932361299531653e-02
2.026155392982457656e-02
1.973664321397480131e-02
1.967063771740517122e-02
1.934753666027334840e-02
1.925759395878565844e-02
1.907163970989354806e-02
1.924483157171491890e-02
1.881693688204936696e-02
1.858653030439949908e-02
1.867381791143040912e-02
1.848495382603192530e-02
1.845049748948791521e-02
1.848177655126180541e-02
1.812508441017646535e-02
1.830615631647800057e-02
1.798648544129703014e-02
1.816832819757492959e-02
1.799080561389002769e-02
1.782446337798446884e-02
1.782204714979519072e-02
1.794996341330963238e-02
1.790236891247332096e-02
1.769666511712497670e-02
1.772995600967030780e-02
1.779926214857320901e-02
1.775236640517648817e-02
1.767608138013696331e-02
1.785988834229085623e-02
1.760146448617441739e-02
1.758474547808107705e-02
1.747229526374946551e-02
1.750675398170163655e-02
1.743393069819400287e-02
1.753807206752530309e-02
1.718215500086284556e-02
1.718459049435822755e-02
1.727877184503564742e-02
1.725924991953529941e-02
1.737561259222657889e-02
1.720160891285590909e-02
1.768087430595698117e-02
1.712406789720581288e-02
1.724794971871010038e-02
1.717764731300504624e-02
1.704286800109242050e-02
1.695275310623018533e-02
1.723929575415687754e-02
1.691916911911807431e-02
1.726731693355791283e-02
1.667553011099236204e-02
1.707258721601152482e-02
1.690467656590044498e-02
1.703514939647887000e-02
1.680838617643243271e-02
1.664571720665614790e-02
1.667024889029562404e-02
1.656346134065339940e-02
1.659009837414742589e-02
1.670866400297535068e-02
1.662651002897243616e-02
1.678325548245195725e-02
1.677044152053432449e-02
1.648813017987106957e-02
1.643917427251213523e-02
1.643499819594517256e-02
1.653663681885390868e-02
1.642623651086499645e-02
1.651870799904460452e-02
1.650449742416017912e-02
1.631284277363304405e-02
1.651917573701786393e-02
1.623287935365448978e-02
1.645290843913690959e-02
1.641639547275477312e-02
1.622427065137839117e-02
1.623720325398863434e-02
1.633968326884011404e-02
1.638159015166916477e-02
1.637341040349973853e-02
1.651498120310797985e-02
1.614117620088029170e-02
1.627823631115780587e-02
1.637187431844180224e-02
1.602108824197529674e-02
1.649430010819056061e-02
1.608705880414498454e-02
1.609433279617836568e-02
1.609103442006335968e-02
1.596912805301447733e-02
1.590015566335958516e-02
1.614282678142843486e-02
1.622161045915594332e-02
1.600971835452997746e-02
1.590852427230984509e-02
1.596283261223058886e-02
1.597902565222364402e-02
1.588794465274795051e-02
1.592938159347364810e-02
1.608676192791838253e-02
1.593763581232020624e-02
1.588368374985038231e-02
1.594278682104981887e-02
1.574154918392499380e-02
1.582767135267586917e-02
1.584307471159518768e-02
1.576586380078081467e-02
1.588433776540975825e-02
1.581242724011341569e-02
1.577781670882056134e-02
1.597229333087932593e-02
1.583057830371616126e-02
1.590207330882549216e-02
1.582689768258939769e-02
1.578451739705837714e-02
1.589112083280556920e-02
1.579812517177248132e-02
1.588196101712814612e-02
1.581634829278316320e-02
1.567549154881322723e-02
1.589585980155358222e-02
1.603536729684524459e-02
1.575548594833858090e-02
1.600046573991054100e-02
1.597360249919195854e-02
1.563074188797097461e-02
1.564615581903541427e-02
1.569838116697052158e-02
1.566317641306995412e-02
1.569717437592580214e-02
1.567371325534686749e-02
1.566058749643465045e-02
1.569645120680593711e-02
1.575315237257695136e-02
1.557476334600594974e-02
1.564108880007998928e-02
1.555213182265951892e-02
1.567760904711720110e-02
1.551600431761982098e-02
1.559760178471997043e-02
1.561189678889748217e-02
1.573051981415534220e-02
1.548739825375378132e-02
1.566293063949335956e-02
1.554574154791209771e-02
1.571962530888094262e-02
1.562467509178085308e-02
1.544145946145841948e-02
1.568917602406847203e-02
1.565325708994478454e-02
1.556263086712804736e-02
1.562260210906204344e-02
1.560571598330218537e-02
1.556250232582290921e-02
1.545491722420576884e-02
1.562476708112578612e-02
1.564113710712837502e-02
1.552057470881233053e-02
1.558504355581183214e-02
1.564903216469183331e-02
1.560491472482681240e-02
1.565769901335762118e-02
1.556623428651507553e-02
1.535914530977606704e-02
1.541150761686526857e-02
1.557773799439401974e-02
1.563072103165547705e-02
1.549486160409032330e-02
1.555199528750228315e-02
1.566804892203787006e-02
1.579801143686238030e-02
1.553498062533898230e-02
1.559161211919496935e-02
1.553571958813750910e-02
1.566190494534869943e-02
1.573708511219082049e-02
1.558655300994583361e-02
1.546024785238203809e-02
1.564942793757246112e-02
1.555230071882537576e-02
1.563427819739700297e-02
1.549093296604329116e-02
