2.013296759353446486e-01
6.118247194412111678e-02
4.923527564181432586e-02
4.449468102058595775e-02
4.401655836806923211e-02
4.187727123240088389e-02
3.977792180136942995e-02
3.888574697538274560e-02
3.981675151517711370e-02
3.801368742054124505e-02
3.784471950136306106e-02
3.770519957546281109e-02
3.804256760904387025e-02
3.698334473234635156e-02
3.753183435822493585e-02
3.706446621673136627e-02
3.733336146685307250e-02
4.285329224390740932e-02
3.809575237761862743e-02
3.722010969285548254e-02
3.608660255415871432e-02
3.606616854712373782e-02
3.617484484109454584e-02
3.640213732491786452e-02
3.553265647757727907e-02
3.599724941614227541e-02
3.586583442715576830e-02
3.531144335466124967e-02
3.554075816067074622e-02
3.493374330580369114e-02
3.601386590823246053e-02
3.698848980391033353e-02
3.553803131929431786e-02
3.464283114147301279e-02
3.511601121124313662e-02
3.560870191239210586e-02
3.475347516821127025e-02
3.389337811130280903e-02
3.430658357446002976e-02
3.404806051112752030e-02
3.474879243716883642e-02
3.415139967339086979e-02
3.438210547938314737e-02
3.431502972813189195e-02
3.377309513666585522e-02
3.375568329092074743e-02
3.374183476087601330e-02
3.731737814666293007e-02
3.543494072607988876e-02
3.442521634161847810e-02
3.387994961345658362e-02
3.315121121472597993e-02
3.401901414951940400e-02
3.346144349857442524e-02
3.321126959398095629e-02
3.344894741528078863e-02
3.317391483451348488e-02
3.336843184059162803e-02
3.307189664926542261e-02
3.368753049760686569e-02
3.350499112594613332e-02
3.287850736600290286e-02
3.298174700484040461e-02
3.240463619700668929e-02
3.378797499799188891e-02
3.293314741215956631e-02
3.243485761194516565e-02
3.293858220838575407e-02
3.261182053368676115e-02
3.322328030282093586e-02
3.234938854716171847e-02
3.236811315550956053e-02
3.219073462644182065e-02
3.281171041405404193e-02
3.243074865915855642e-02
3.191603869421950901e-02
3.210339531765601245e-02
3.243297044093113035e-02
3.194665783682754112e-02
3.219684133435123108e-02
3.217327338383069862e-02
3.163990297079399827e-02
3.166431733860654296e-02
3.193586618984397413e-02
3.241384486525557274e-02
3.259636387382651435e-02
3.187419378539084469e-02
3.162073723319629159e-02
3.204790155361468551e-02
3.189897043352117600e-02
3.194508464992224656e-02
3.192181879241706016e-02
3.171331963953169519e-02
3.151449731353234834e-02
3.144180917743392284e-02
3.179810295640776718e-02
3.210725985248581715e-02
3.228948337330259793e-02
3.217113788834340127e-02
3.145169767932189109e-02
3.169593513431321480e-02
3.170137191615627487e-02
3.159607393545094817e-02
3.161734997736838360e-02
3.161294901233891591e-02
3.145940402297305039e-02
3.145184218295464518e-02
3.136879740367958663e-02
3.133660369210495428e-02
3.137080759306232897e-02
3.154229380750700473e-02
3.153229949201678123e-02
3.111903474010962664e-02
3.135369901026952011e-02
3.137649046775931039e-02
3.110846963851314137e-02
3.133044076583670068e-02
3.144483840876518416e-02
3.111806943800659447e-02
3.113586946525892518e-02
3.126710934488843852e-02
3.102353672844454860e-02
3.098367153014910252e-02
3.096973101169833362e-02
3.104347035810443856e-02
3.117144377254079529e-02
3.115883929430771082e-02
3.103244939879458777e-02
3.115443478108792172e-02
3.094769282007295980e-02
3.102242961402601126e-02
3.095840204285748090e-02
3.106135332833983090e-02
3.108792830033950405e-02
3.093250167762757324e-02
3.102611132342566330e-02
3.099029383800449428e-02
3.082082270992589010e-02
3.097946410474031534e-02
3.109696234991291344e-02
3.084123160882926151e-02
3.109713478434965317e-02
3.112608503127191686e-02
3.080436247054523305e-02
3.071929520355452109e-02
3.084992229005550229e-02
3.082877529348934317e-02
3.081428948495756534e-02
3.079912114072978421e-02
3.078759332790893810e-02
3.077491312066376813e-02
3.076741436192817480e-02
3.070578930084674404e-02
3.078928661783747467e-02
3.060018224429266603e-02
3.076772255195441008e-02
3.058478937519499424e-02
3.063821695520954971e-02
3.069114019494214793e-02
3.077656039693785553e-02
3.052689099094230141e-02
3.066298889275411929e-02
3.058879444076411519e-02
3.078598936562768409e-02
3.069674900098857614e-02
3.046553542866700312e-02
3.067260474116551699e-02
3.069392549144872931e-02
3.057827618556031857e-02
3.064996905393824883e-02
3.061630769792948736e-02
3.057412604158942990e-02
3.050013914889260214e-02
3.064334164108108854e-02
3.061744774421994164e-02
3.053904824671407892e-02
3.056775388386641715e-02
3.068566318032569032e-02
3.061326233728648566e-02
3.070108242816304775e-02
3.059357958751171905e-02
3.036430865352411287e-02
3.038314253261294520e-02
3.048537927500934858e-02
3.064871833375143115e-02
3.047662883927942587e-02
3.049323583731522111e-02
3.061631824624076390e-02
3.078879934366370724e-02
3.050685073719866178e-02
3.058635658746793398e-02
3.050885254029719537e-02
3.063308354011817780e-02
3.068217468201590165e-02
3.055292791347558740e-02
3.044975384382523839e-02
3.058793928950839097e-02
3.052140869477202104e-02
3.061429615693082168e-02
3.048734309144913654e-02
