6.485382145956942734e-01
5.989271797109068513e-02
3.878579788040696641e-02
3.167642622597907631e-02
3.099931856911433345e-02
2.805929353395313422e-02
2.531652900537377862e-02
2.419362108533580982e-02
2.536597921954173926e-02
2.312064690090585156e-02
2.291556470618959229e-02
2.274691320040769793e-02
2.315579120461877874e-02
2.188428460146512808e-02
2.253821744469174104e-02
2.198039449489953140e-02
2.230047805463535732e-02
2.938247449826775909e-02
2.322058158746936884e-02
2.216538504877111487e-02
2.083588614242902828e-02
2.081229621871260108e-02
2.093791038843623512e-02
2.120184962915485499e-02
2.020111482165623182e-02
2.073283144844728643e-02
2.058172926649843443e-02
1.995036850863119923e-02
2.021032785016455002e-02
1.952586274169254565e-02
2.075197660249837595e-02
2.189037404758365640e-02
2.020722672081830262e-02
1.920201199194579780e-02
1.973014789421045911e-02
2.028767443016955829e-02
1.932486458027964094e-02
1.838017727673184332e-02
1.883106682482257183e-02
1.854832679311042148e-02
1.931965721346307063e-02
1.866108959442690923e-02
1.891406683512685677e-02
1.884034024388120745e-02
1.824995128176452874e-02
1.823113847099113935e-02
1.821618260848417714e-02
2.228138738785657991e-02
2.009016038817271893e-02
1.896152832267577332e-02
1.836561577296570713e-02
1.758404488005397767e-02
1.851669317928322442e-02
1.791469121613261870e-02
1.764781484870534337e-02
1.790131333104351061e-02
1.760813800716086452e-02
1.781523589600335009e-02
1.750000556767509693e-02
1.815759537643507962e-02
1.796135088559566717e-02
1.729593994586091366e-02
1.740473016786078450e-02
1.680096715296569565e-02
1.826603607143879870e-02
1.735347517553651603e-02
1.683231981291451879e-02
1.735920316637738769e-02
1.701649341634229456e-02
1.766058166527695664e-02
1.674372703000380144e-02
1.676311598796593680e-02
1.657989433264000362e-02
1.722573344473187981e-02
1.682805533749623383e-02
1.629813641489467196e-02
1.649004785474716614e-02
1.683036114595699850e-02
1.632942315109335574e-02
1.658618547055020626e-02
1.656191232369134264e-02
1.601733536002013930e-02
1.604206388031965969e-02
1.631839278872990878e-02
1.681051742318168118e-02
1.700036700471843631e-02
1.625542767149837364e-02
1.599793637073353841e-02
1.643308790384285373e-02
1.628070903549853204e-02
1.632781493265116415e-02
1.630404024025457893e-02
1.609175428094571092e-02
1.589061665479420474e-02
1.581739782960268556e-02
1.617790962602093721e-02
1.649401816376076454e-02
1.668177178423655566e-02
1.655971380849287009e-02
1.582734859058339272e-02
1.607411686461745690e-02
1.607963170186338733e-02
1.597299021015172529e-02
1.599450911346234766e-02
1.599005672410784215e-02
1.583510562369044514e-02
1.582749402722376589e-02
1.574402320884952383e-02
1.571172369529673027e-02
1.574604110465499529e-02
1.591866077822551295e-02
1.590857458006786698e-02
1.549430917049839790e-02
1.572887106602521151e-02
1.575174646517425378e-02
1.548379013200470306e-02
1.570554429730563681e-02
1.582044580085366359e-02
1.549334792877759930e-02
1.551107787772228880e-02
1.564211402856336211e-02
1.539935729825836486e-02
1.535980642381075227e-02
1.534598782299119099e-02
1.541915282999214293e-02
1.554654250983475601e-02
1.553397225869590850e-02
1.540820665101994523e-02
1.552958090446497283e-02
1.532415505416952727e-02
1.539825822651516921e-02
1.533476251275523762e-02
1.543692272940748629e-02
1.546334857611279812e-02
1.530911456058292076e-02
1.540191334165763419e-02
1.536637299465374966e-02
1.519876980026693691e-02
1.535563513947029932e-02
1.547233707827042060e-02
1.521890507439118724e-02
1.547250866873614572e-02
1.550133070998351362e-02
1.518253995546776924e-02
1.509880156485004371e-02
1.522748328483941246e-02
1.520661417754334312e-02
1.519232698340426332e-02
1.517737380866157441e-02
1.516601444679524860e-02
1.515352444135044732e-02
1.514614058429734726e-02
1.508552794540791130e-02
1.516768272696553121e-02
1.498193845414278781e-02
1.514644401654470333e-02
1.496686945800065026e-02
1.501920541111183803e-02
1.507113738344949619e-02
1.515514671786181815e-02
1.491025717716598642e-02
1.504350220539460090e-02
1.497078952542914634e-02
1.516443425952865298e-02
1.507664638767509079e-02
1.485038158328582866e-02
1.505293890572430814e-02
1.507387299319369774e-02
1.496049559168648353e-02
1.503072964811795649e-02
1.499773275286874277e-02
1.495643493131195226e-02
1.488413580962897990e-02
1.502423019091222826e-02
1.499884970192062218e-02
1.492213548504208245e-02
1.495020124007408538e-02
1.506575879706233134e-02
1.499474929490437168e-02
1.508090339617378962e-02
1.497547379163861880e-02
1.475185984010366977e-02
1.477016560251318000e-02
1.486973359265871160e-02
1.502950296802609692e-02
1.486119848651517444e-02
1.487739890928200387e-02
1.499774308728152143e-02
1.516720264039018648e-02
1.489068707042749511e-02
1.496840334873189050e-02
1.489264133320957958e-02
1.501417291481374656e-02
1.506233349148380050e-02
1.493570246537657097e-02
1.483500014639279815e-02
1.496995247965841880e-02
1.490490221941288135e-02
1.499576206694830903e-02
1.487164942041170265e-02
