1.235432310271299128e-01
3.347433073139847309e-02
2.918816611543745623e-02
2.619716889535269114e-02
2.464925934955921466e-02
2.362448392738713057e-02
2.240399415214068199e-02
2.195469051666966431e-02
2.213253141582973565e-02
2.104020578698020949e-02
2.075990018472000098e-02
1.976663172886507572e-02
1.928615666725515959e-02
2.035028351691522616e-02
1.967554653495960648e-02
2.040800275148731482e-02
2.037465648892066925e-02
1.904544742734883001e-02
1.916220210703024202e-02
2.025757909345717034e-02
1.904898644924424636e-02
1.990790046751914413e-02
1.965876989673237887e-02
1.834188735702230177e-02
1.777738969428268451e-02
2.040324726779396691e-02
1.790398113281932435e-02
1.821214879250735580e-02
1.883435491627304462e-02
1.921898684734897611e-02
1.897399128080985709e-02
2.029385617700436503e-02
1.915539921912337920e-02
2.033325349820050074e-02
1.792515752436518381e-02
1.783153989350200197e-02
1.860418692279096342e-02
1.666238995914071097e-02
1.671137466865935464e-02
1.766273094657181200e-02
1.801292321949871794e-02
1.668394054415641564e-02
1.667453451173027401e-02
1.640885780187979412e-02
1.687956170657532382e-02
1.587714967171070454e-02
1.717341660889358523e-02
1.591072132525583188e-02
1.632128413867449043e-02
1.620216742572344257e-02
1.654112304878389492e-02
1.540594039973319437e-02
1.636519109046662840e-02
1.695506059841629665e-02
1.633492666110794578e-02
1.577291994990335025e-02
1.522156533456693085e-02
1.511608377823434046e-02
1.473268759922917968e-02
1.593499712310185099e-02
1.487160364001270142e-02
1.475704028954443782e-02
1.539545252768236179e-02
1.517640471537352355e-02
1.443670368332040238e-02
1.488881040427907781e-02
1.477424439164864295e-02
1.447698827572692186e-02
1.461317349859497620e-02
1.455066398100316773e-02
1.436215703767556966e-02
1.419917338683230994e-02
1.421148661788167178e-02
1.405389717629059246e-02
1.402875150236008138e-02
1.369774270419167259e-02
1.402778937898492562e-02
1.412567021004906311e-02
1.392462840706694058e-02
1.387050378335634611e-02
1.378306920232801741e-02
1.377034766629593558e-02
1.374883516325878414e-02
1.382848030767912066e-02
1.364229127835722873e-02
1.383869773364647740e-02
1.356153212634930716e-02
1.350964889483157599e-02
1.349658439128739902e-02
1.337712963483679227e-02
1.346461203978945552e-02
1.351589795077514158e-02
1.359898887486107530e-02
1.352588800998993576e-02
1.330391958122968850e-02
1.355548035040317519e-02
1.347182057146769155e-02
1.328282166359372879e-02
1.337255562560140700e-02
1.331764146115501334e-02
