4.872347458813688914e-01
2.149618902988903735e-01
1.428291234955269828e-01
1.117619128081982771e-01
9.220866096611683715e-02
8.449533223639195401e-02
7.087247011473979397e-02
6.306371024874352083e-02
5.781052537942292513e-02
5.248710484865843490e-02
4.989626374595387132e-02
4.814843650646402629e-02
4.620723266825044195e-02
4.463771595881376592e-02
4.366895775322753720e-02
4.336486431049366846e-02
4.216676159116756334e-02
4.153083466530400197e-02
4.155330275860664307e-02
4.023834891729768243e-02
3.960441695496410425e-02
3.932594465388333793e-02
3.792727905007366174e-02
3.797491375770734728e-02
3.744010811033681579e-02
3.690766706113803031e-02
3.711214208787392416e-02
3.626256451033828265e-02
3.664078659673631472e-02
3.617494446322573609e-02
3.620414711910442673e-02
3.556926793444018658e-02
3.526996143322856658e-02
3.550201956672088127e-02
3.512896571988262384e-02
3.538290952888269864e-02
3.564220709874050402e-02
3.474644979349391510e-02
3.482982363436936540e-02
3.496923795520173739e-02
3.551379104491228511e-02
3.456075710134300788e-02
3.443469173905660402e-02
3.436872061275728085e-02
3.473584365457255130e-02
3.484158770667074301e-02
3.445898547055840228e-02
3.401497728862604847e-02
3.408046157273953575e-02
3.469557587116595815e-02
3.406050302146445413e-02
3.374391645815148083e-02
3.406620861020122348e-02
3.347004771621483327e-02
3.352799177283121573e-02
3.444673690177176006e-02
3.428932500527617777e-02
3.350474493371351919e-02
3.358113633600971065e-02
3.414944129252183574e-02
3.371286961709411834e-02
3.330995789758124659e-02
3.342320188806551656e-02
3.290019175761881021e-02
3.318184178715355426e-02
3.335620300958612450e-02
3.307815550969343127e-02
3.370171041057564570e-02
3.282281674788532777e-02
3.332424240519255704e-02
3.292990345388128320e-02
3.320977072798531743e-02
3.305300524487236186e-02
3.352428288109697563e-02
3.259558117274821698e-02
3.234662044659000063e-02
3.252563642837699026e-02
3.291449146200665227e-02
3.250473602707284332e-02
3.254872050739212458e-02
3.259207073506648761e-02
3.242901319060944448e-02
3.258968828055296141e-02
3.246840668227432558e-02
3.277818560681330234e-02
3.270608464720584085e-02
3.264812626991307060e-02
3.217824102286890448e-02
3.223008529131965449e-02
3.254748576148903949e-02
3.235075329040404402e-02
3.240834203987835727e-02
3.225045876522572574e-02
3.208436608328661677e-02
3.216068734199142853e-02
3.238665196460128320e-02
3.233798361420354983e-02
3.204856710392423036e-02
3.240336064991308773e-02
3.215329547432365515e-02
3.231452616855413212e-02
3.207815422740650790e-02
3.209159110252890468e-02
3.216228088146560332e-02
3.195380852538641514e-02
3.202827152588064857e-02
3.203715142055195420e-02
3.168196130657287973e-02
3.188202451133477500e-02
3.182866015376611263e-02
3.194600319833240665e-02
3.191169065216592493e-02
3.161760616896344689e-02
3.167517570611319555e-02
3.184272035777350324e-02
3.148933242961843293e-02
3.173288950202922398e-02
3.174779298421340212e-02
3.160710904741496213e-02
3.156831055772672118e-02
3.158261965789351672e-02
3.145721280814570836e-02
3.153276363413447941e-02
3.141133452427864042e-02
3.143945013971732871e-02
3.163529334924732733e-02
3.150924699757075981e-02
3.166425931765740748e-02
3.178066394309492920e-02
3.135476877419975800e-02
3.137589164281821830e-02
3.142893680225484349e-02
3.146232116613715407e-02
3.147383145235214952e-02
3.129576933374991071e-02
3.140970160210700135e-02
3.140664397530212870e-02
3.127473270364901359e-02
3.143942737697406203e-02
3.151720694053800065e-02
3.127244365243605356e-02
3.151220528733035542e-02
3.149787620015975093e-02
3.123929958196807605e-02
3.110602103633826679e-02
3.128288103168082313e-02
3.123105961117990034e-02
3.135957751818593126e-02
3.242032963511511101e-02
3.133706476682787678e-02
3.126100461555850196e-02
3.121540635069891198e-02
3.103345511145428823e-02
3.122095127326568118e-02
3.104624865646183132e-02
3.117903825804761372e-02
3.100457689102025655e-02
3.108469835749878840e-02
3.111617928881182243e-02
3.117181469188974249e-02
3.094528944292205055e-02
3.110264366063325917e-02
3.098401136727099714e-02
3.117856200564297908e-02
3.108354662657040329e-02
3.088356406354936939e-02
3.109894135026836440e-02
3.112844534316612510e-02
3.098936630577220699e-02
3.107955828707631776e-02
3.101104923020555487e-02
3.098348983638855164e-02
3.093073710401402984e-02
3.105290761281769701e-02
3.102113889238464206e-02
3.093890772416213811e-02
3.101786345349282284e-02
3.106462660729624251e-02
3.100838057902312317e-02
3.112403229951141853e-02
3.098961141117904591e-02
3.077845793292233526e-02
3.081639614941055969e-02
3.092269020313937258e-02
3.105372394042155496e-02
3.089099747641164267e-02
3.092352337022798853e-02
3.104646417770496117e-02
3.121168588574584762e-02
3.093340705108003907e-02
3.098591789943762331e-02
3.092284836067360140e-02
3.103914314178410697e-02
3.114907955547232057e-02
3.094619416918586649e-02
3.082996033280199083e-02
3.102147750925515410e-02
3.094098970073259902e-02
3.100340885702938462e-02
3.092260010975111592e-02
