3.798363161505314167e+00
7.393378284939547962e-01
3.264025362960079057e-01
1.998516024727570450e-01
1.360389945146284474e-01
1.142313787158121124e-01
8.036651232263497535e-02
6.363250480539965614e-02
5.347290951431843409e-02
4.407833880630501744e-02
3.983419417289265491e-02
3.709235100827196208e-02
3.416173361372529249e-02
3.188041097631579696e-02
3.051164594005074254e-02
3.008818330668043550e-02
2.844857252938182840e-02
2.759696364794906806e-02
2.762683152237482148e-02
2.590599557744306322e-02
2.509615747748237050e-02
2.474447876672472915e-02
2.301565593827450615e-02
2.307350519848497261e-02
2.242818712501933737e-02
2.179481420633301234e-02
2.203697744560869157e-02
2.103957735786312483e-02
2.148075587884114637e-02
2.093802571067945872e-02
2.097184429794811400e-02
2.024276514227191584e-02
1.990352287202289128e-02
2.016629429305331900e-02
1.974470772077901309e-02
2.003120458766556589e-02
2.032587082991213143e-02
1.931705237202869033e-02
1.940986583042040095e-02
1.956556165068034508e-02
2.017966967010707130e-02
1.911113490268849524e-02
1.897196792262165199e-02
1.889934330492427580e-02
1.930526135031852830e-02
1.942297974274607986e-02
1.899874687456248185e-02
1.851229887913193733e-02
1.858364577617561617e-02
1.926052776050933557e-02
1.856188585720302750e-02
1.821843036695530368e-02
1.856810510517996685e-02
1.792390550601116392e-02
1.798601971710460379e-02
1.898524293087814827e-02
1.881212494907933200e-02
1.796108692917123065e-02
1.804308348188274694e-02
1.865894944946232606e-02
1.818492124510700386e-02
1.775285272221816327e-02
1.787376679120617970e-02
1.731876188300942102e-02
1.761655399020303769e-02
1.780218046746755850e-02
1.750662995077538822e-02
1.817288455357284754e-02
1.723739678824418378e-02
1.776808211008054292e-02
1.735005666371108174e-02
1.764622194888560563e-02
1.748001849148095657e-02
1.798204068306898801e-02
1.699955059182748501e-02
1.674086166905206646e-02
1.692667240113542720e-02
1.733381997124014071e-02
1.690492582703499377e-02
1.695070730669325995e-02
1.699588919679323809e-02
1.682625434426754038e-02
1.699340451557777507e-02
1.686715891976889661e-02
1.719055122679524414e-02
1.711500756720309852e-02
1.705440238297900590e-02
1.656702712521349041e-02
1.662045436617183222e-02
1.694942127030930890e-02
1.674513981530540915e-02
1.680481014037995061e-02
1.664147344908039824e-02
1.647050475146163984e-02
1.654895696494924559e-02
1.678232360761939407e-02
1.673192294771995436e-02
1.643377045463574604e-02
1.679964450253337155e-02
1.654135055774659524e-02
1.670765762397071613e-02
1.646412765819644727e-02
1.647792351187059648e-02
1.655059698397260901e-02
1.633673406843292111e-02
1.641296283096859224e-02
1.642206513829398695e-02
1.605994675569889785e-02
1.626341579106162574e-02
1.620901771494301716e-02
1.632875392556582678e-02
1.629369600447254374e-02
1.599476831769080371e-02
1.605306809621029687e-02
1.622334143653381133e-02
1.586524890980830355e-02
1.611162041836794109e-02
1.612675774989551572e-02
1.598414947736289532e-02
1.594493170350528427e-02
1.595938983128259228e-02
1.583289980251146103e-02
1.590904291849910140e-02
1.578675098553822612e-02
1.581502440140435464e-02
1.601266856468691255e-02
1.588532234166275051e-02
1.604200509017366175e-02
1.616016961062294310e-02
1.572994439813651599e-02
1.575114522210992185e-02
1.580444909632205963e-02
1.583804245057858842e-02
1.584963306065714089e-02
1.567080285106050436e-02
1.578510967573444959e-02
1.578203657266210105e-02
1.564974249095509029e-02
1.581500150067241539e-02
1.589334933332314445e-02
1.564745171191660872e-02
1.588830531313361813e-02
1.587385928192943871e-02
1.561430141395121242e-02
1.548135271540990003e-02
1.565789833027673300e-02
1.560606535099316045e-02
1.573476963390579852e-02
1.681724437839237155e-02
1.571218605120584463e-02
1.563600655318352073e-02
1.559042549822806274e-02
1.540920537847437384e-02
1.559596477452208051e-02
1.542191289022172736e-02
1.555411882714874926e-02
1.538054061105899664e-02
1.546013555162700608e-02
1.549146581653570998e-02
1.554691249896821177e-02
1.532177501929956644e-02
1.547799108288528541e-02
1.536014336651485290e-02
1.555364365983558268e-02
1.545898993417882047e-02
1.526071246827772829e-02
1.547430644971890465e-02
1.550368175171969176e-02
1.536545318453327522e-02
1.545502309311638789e-02
1.538696278973172155e-02
1.535962627906548375e-02
1.530736796476208327e-02
1.542852913936305914e-02
1.539697693088990481e-02
1.531545617862751542e-02
1.539372565151241219e-02
1.544017642001180302e-02
1.538431465813661428e-02
1.549928618529648056e-02
1.536569624665405642e-02
1.515701556365871630e-02
1.519440434619849685e-02
1.529940431038930709e-02
1.542934032908657195e-02
1.526805960140272672e-02
1.530022876206458583e-02
1.542212700700027958e-02
1.558670937328746411e-02
1.531001074860493388e-02
1.536203372913102355e-02
1.529956081179542453e-02
1.541485451161861420e-02
1.552424251445029893e-02
1.532267093691125175e-02
1.520778326595430795e-02
1.539731306971557287e-02
1.531751749857345087e-02
1.537938177209804969e-02
1.529931516076127665e-02
