1.927316889632236796e-01
5.431942021595216608e-02
4.041647470470354636e-02
3.670670399813485280e-02
3.578765731142662804e-02
3.501024233961286952e-02
3.485144000149044408e-02
3.410206782168185430e-02
3.409063485273898519e-02
3.388201910806114270e-02
3.405558249857810332e-02
3.380301663946384122e-02
3.357378104924670786e-02
3.358958227654101902e-02
3.371098632692980102e-02
3.350995491112161717e-02
3.341994845610099518e-02
3.332890921993253430e-02
3.294455024123106590e-02
3.299814134302921781e-02
3.318485536820177384e-02
3.309277117213170472e-02
3.272388991782473194e-02
3.278684226861805495e-02
3.278047853462501965e-02
3.283488919456117872e-02
3.267059973302567644e-02
3.243984525156764359e-02
3.238393373813274606e-02
3.225160363048215628e-02
3.224438036838651878e-02
3.246211413515396466e-02
3.214524891881584412e-02
3.219105909410924921e-02
3.204312732753181181e-02
3.221662629988337329e-02
3.190318896323145886e-02
3.166107618810604096e-02
3.189958796071438313e-02
3.206003725757219924e-02
3.193366621677736633e-02
3.188974427181694160e-02
3.168427634868544590e-02
3.174410482954805046e-02
3.178457220566199837e-02
3.154875680864065168e-02
3.180401341275923555e-02
3.162578770921500859e-02
3.154068687776361707e-02
3.151075317390197861e-02
3.147686243183549920e-02
3.141497748844605115e-02
3.153883824415425197e-02
3.112219222295601467e-02
3.112572697784034281e-02
3.119879102887536740e-02
3.138419159139390485e-02
3.129051981606294913e-02
3.134448818823133004e-02
3.162231257034824050e-02
3.120547860174210930e-02
3.121698172293070270e-02
3.124077905424052504e-02
3.114069185605118292e-02
3.104988436789684475e-02
3.122944488653119077e-02
3.116962892311188338e-02
3.128569777904156163e-02
3.082761338670102907e-02
3.108156843168756109e-02
3.104488964245001245e-02
3.119439945930351996e-02
3.097068135147019313e-02
3.088159439944806323e-02
3.087568698165512812e-02
3.079704383243033958e-02
3.070990281168788777e-02
3.086174650115134505e-02
3.080425152977752865e-02
3.100510666640435981e-02
3.104976586431184779e-02
3.086577843056178411e-02
3.066856660374184251e-02
3.067740779061229120e-02
3.090288462457444277e-02
3.071155980156901541e-02
3.083403350016786573e-02
3.079822571385072011e-02
3.072537635581726323e-02
3.088016385651433382e-02
3.069027769863593574e-02
3.082522456915520390e-02
3.081520911999495113e-02
3.062231642556288713e-02
3.065263991075840508e-02
3.084812304218400442e-02
3.086918560298641118e-02
3.078381210061022569e-02
3.089710886776746504e-02
3.065214304582983967e-02
3.079017060205592460e-02
3.080918339881466225e-02
3.060562855443416108e-02
3.097982331091606034e-02
3.071351261103338892e-02
3.061686430692227984e-02
3.063804550764693754e-02
3.056709693837128192e-02
3.048206816898603455e-02
3.068682251428061711e-02
3.083992408015255940e-02
3.062945990519317860e-02
3.047401886667996246e-02
3.055495648376452961e-02
3.051165106545538838e-02
3.058700095834556223e-02
3.059405310308913051e-02
3.073886622042425534e-02
3.058541193580619280e-02
3.052987163452005465e-02
3.061383697651299043e-02
3.040319276692221226e-02
3.048715109162122155e-02
3.050516613807812555e-02
3.046260809460750452e-02
3.057313459573759995e-02
3.051146262112926222e-02
3.048451915924305089e-02
3.064023476461787132e-02
3.054819993904684186e-02
3.053454494433943678e-02
3.054708751148215926e-02
3.049724527581124459e-02
3.062446753478374403e-02
3.043840942307729502e-02
3.055622027321543491e-02
3.049584582698716337e-02
3.041124066301439249e-02
3.051833852606968336e-02
3.075181444386304933e-02
3.049398288166879287e-02
3.071579390013087774e-02
3.066275987656121721e-02
3.037579231890906103e-02
3.039971076772197967e-02
3.045760419081269127e-02
3.043547233875913693e-02
3.044551331598430513e-02
3.042133950917920437e-02
3.043325306849058512e-02
3.041363347497611294e-02
3.050339876253639615e-02
3.033634614728761628e-02
3.039062206558064069e-02
3.032624770683236062e-02
3.042191803000544523e-02
3.027854230989111134e-02
3.037208516446794626e-02
3.040240879425240225e-02
3.044242212422669513e-02
3.021703273767597717e-02
3.040667480062126185e-02
3.027741038812162278e-02
3.048558389943539781e-02
3.037202652878087314e-02
3.022085456109980389e-02
3.043991606848002462e-02
3.042768599873955232e-02
3.033604289849204522e-02
3.038161480281259541e-02
3.038959876151252001e-02
3.036213615733687060e-02
3.025636227770414632e-02
3.040901382683834989e-02
3.037952680826049717e-02
3.030932323000727277e-02
3.034585170626777351e-02
3.040107615941337396e-02
3.037424261594659503e-02
3.042493459736738889e-02
3.037478571963364918e-02
3.015262517784617069e-02
3.019260021697379309e-02
3.031104145782129514e-02
3.037535151942854020e-02
3.028877985524394342e-02
3.030742365869940405e-02
3.042367731270533351e-02
3.056910665619001419e-02
3.030823918256708369e-02
3.036155650917573071e-02
3.030293619172377481e-02
3.041439236512727406e-02
3.045529411529572517e-02
3.034081799596293622e-02
3.026774819117389326e-02
3.040162428660116503e-02
3.032782958757665459e-02
3.041559867375520990e-02
3.028747185083921489e-02
