5.943280628898687246e-01
4.720959060155508619e-02
2.613586284089506814e-02
2.155811389450702775e-02
2.049210265344172249e-02
1.961147309885474810e-02
1.943396592283980900e-02
1.860721647543342461e-02
1.859474215460451066e-02
1.836785950142432594e-02
1.855652318907934431e-02
1.828230294284590579e-02
1.803518038308411439e-02
1.805216060020029684e-02
1.818288958615116996e-02
1.796667325032646340e-02
1.787028727693515742e-02
1.777305903664806383e-02
1.736549424955196458e-02
1.742203731351254364e-02
1.761975401293551860e-02
1.752210406161713863e-02
1.713364754166258122e-02
1.719963241515583274e-02
1.719295636734418861e-02
1.725007917470576524e-02
1.707788939064924100e-02
1.683749695913049071e-02
1.677950662969235687e-02
1.664265498780367544e-02
1.663520104545903808e-02
1.686062166598020773e-02
1.653307244884209826e-02
1.658022856960694041e-02
1.642819214285465637e-02
1.660657616234139516e-02
1.628501545637845924e-02
1.603877992622488799e-02
1.628133939301366212e-02
1.644553582331067729e-02
1.631614460871277233e-02
1.627129263555010183e-02
1.606229388383789008e-02
1.612301106286937596e-02
1.616414448475105708e-02
1.592518489873200049e-02
1.618392430654351163e-02
1.600304717165336107e-02
1.591703885953808101e-02
1.588684104938517527e-02
1.585268589684315013e-02
1.579041296959315596e-02
1.591517308465482949e-02
1.549745358020197979e-02
1.550097407838493119e-02
1.557383298661494525e-02
1.575947970952511906e-02
1.566554608575084634e-02
1.571963103651477511e-02
1.599953043674886763e-02
1.558051031622055375e-02
1.559199916623663432e-02
1.561578041465397533e-02
1.551588302837652103e-02
1.542552510815623640e-02
1.560445164673422529e-02
1.554473227527188549e-02
1.566071816834441535e-02
1.520546795391853473e-02
1.545702233877882699e-02
1.542056276659040104e-02
1.556944892202553020e-02
1.534692965398885660e-02
1.525876596243235135e-02
1.525292874542636887e-02
1.517532654106617043e-02
1.508957009125304859e-02
1.523915835362123737e-02
1.518243059695681928e-02
1.538106623032179342e-02
1.542540736365736499e-02
1.524314044999252812e-02
1.504897564045039153e-02
1.505765358002431574e-02
1.527981244991615147e-02
1.509119848712559865e-02
1.521180195023158661e-02
1.517649131394073134e-02
1.510478003530583285e-02
1.525735231688278744e-02
1.507029032351024297e-02
1.520311151582159556e-02
1.519323380974431890e-02
1.500362021227677652e-02
1.503334933597790489e-02
1.522570712361157909e-02
1.524650591666597797e-02
1.516228939913082455e-02
1.527410138218679957e-02
1.503286197283223470e-02
1.516855369125934098e-02
1.518729250722875186e-02
1.498727198739193030e-02
1.535599123800925059e-02
1.509311771052971284e-02
1.499827807981586256e-02
1.501903732045831337e-02
1.494955864383659336e-02
1.486650367773938511e-02
1.506689721636735556e-02
1.521761467631317991e-02
1.501062102534138354e-02
1.485865321418826032e-02
1.493768585159590406e-02
1.489537361184167796e-02
1.496903404201331902e-02
1.497593736439420398e-02
1.511804634427423022e-02
1.496747877252729321e-02
1.491316899232435558e-02
1.499531223079222410e-02
1.478966608676209743e-02
1.487146210693345710e-02
1.488904257778797188e-02
1.484752787081034496e-02
1.495546494414539719e-02
1.489518962048909205e-02
1.486889453392410514e-02
1.502118378289436090e-02
1.493108031225570502e-02
1.491773495932616211e-02
1.492999288694638917e-02
1.488131151060786105e-02
1.500572818862437596e-02
1.482394829131009235e-02
1.493892155816419105e-02
1.487994580325392724e-02
1.479749693862048195e-02
1.490190378226862594e-02
1.513078546543654597e-02
1.487812787180014910e-02
1.509535991864507584e-02
1.504327749196243853e-02
1.476302014402391602e-02
1.478627863617842583e-02
1.484265044870737398e-02
1.482108762373396220e-02
1.483086849718044144e-02
1.480732636052396224e-02
1.481892627729266415e-02
1.479982561840299977e-02
1.488731737706091261e-02
1.472470236108883515e-02
1.477743855252731248e-02
1.471490079961847858e-02
1.480788954598992457e-02
1.466864199058985976e-02
1.475941691580310265e-02
1.478890336788537228e-02
1.482785703663371153e-02
1.460910507951650693e-02
1.479305395889177720e-02
1.466754527697176208e-02
1.486993321103223520e-02
1.475935992743950681e-02
1.461280080645034792e-02
1.482541584409773419e-02
1.481350520380625597e-02
1.472440797982639375e-02
1.476868028842370263e-02
1.477644340617157402e-02
1.474974899258660668e-02
1.464715933247485655e-02
1.479532995073353473e-02
1.476665038550109207e-02
1.469848119457693551e-02
1.473393145246071692e-02
1.478760690640723574e-02
1.476151383187817960e-02
1.481082632406533102e-02
1.476204172021856366e-02
1.454689288185092438e-02
1.458548972579209492e-02
1.470014774812418087e-02
1.476259167886159393e-02
1.467856296191090079e-02
1.469663886124627714e-02
1.480960225964193799e-02
1.495152450812032956e-02
1.469742979756311421e-02
1.474918581855793817e-02
1.469228706943492141e-02
1.480056420703859676e-02
1.484039903438666430e-02
1.472904378662637410e-02
1.465818528902896635e-02
1.478814014821852423e-02
1.471643595988943870e-02
1.480173828292703428e-02
1.467729521784604668e-02
