2.484805392048564932e-01
7.606869525499512785e-02
5.335844291922388349e-02
4.336464428482803002e-02
3.914307586237830705e-02
3.702579790084382927e-02
3.625208660356807333e-02
3.541894300519479732e-02
3.554005150815496561e-02
3.492272636431768829e-02
3.468070050486421474e-02
3.443727308151446620e-02
3.425978336350347236e-02
3.396864492946541358e-02
3.413849879609200111e-02
3.392117267617907744e-02
3.375818140840012443e-02
3.365749851668128206e-02
3.345611992097895226e-02
3.355216980494072493e-02
3.329978855613788952e-02
3.328061592440274830e-02
3.308915316985733268e-02
3.319398387226166897e-02
3.316339100624543512e-02
3.323059620088560789e-02
3.296927227386901166e-02
3.287813132680166006e-02
3.332158505807788357e-02
3.279681586933154425e-02
3.286367518511328772e-02
3.286408301588295694e-02
3.248094141274584373e-02
3.266715988471611404e-02
3.240738112959280770e-02
3.271491151256041008e-02
3.252077838175936042e-02
3.219248861373402715e-02
3.226656219589390390e-02
3.253022050727519265e-02
3.239107238187333843e-02
3.219282298683195931e-02
3.213185548646416839e-02
3.221230182418397675e-02
3.222443524664795472e-02
3.203562739568553003e-02
3.229887569704980449e-02
3.196487089108233925e-02
3.203575900355645767e-02
3.191911603192651437e-02
3.187855845869709548e-02
3.169144257610580218e-02
3.203357002311194718e-02
3.159687101809060400e-02
3.149801004518586189e-02
3.160556548617981382e-02
3.184627549473966618e-02
3.154897349096082854e-02
3.163436004180951444e-02
3.193359763266404028e-02
3.162595299165846946e-02
3.154059194798515542e-02
3.153849777365966972e-02
3.136463907071759122e-02
3.134580709255672948e-02
3.153767378452589781e-02
3.144393200189763565e-02
3.162119512647891539e-02
3.111171429726332718e-02
3.142624664067061868e-02
3.133616545732940961e-02
3.148879441441046478e-02
3.120988169872053811e-02
3.114812782427517704e-02
3.112023995092066952e-02
3.107802212894639898e-02
3.098021032180292220e-02
3.109805472460529935e-02
3.112075717452320034e-02
3.122019964096474018e-02
3.124555599353802393e-02
3.102120789479288765e-02
3.091649956370233487e-02
3.091973854524788373e-02
3.113489236669131008e-02
3.091690468905309089e-02
3.109105388344763493e-02
3.097727654515217838e-02
3.087812220044153233e-02
3.107380650824069848e-02
3.086255991450909814e-02
3.102771153024764389e-02
3.100446750655123929e-02
3.082732055721664963e-02
3.095324711965900116e-02
3.097752722713035395e-02
3.101302572623208104e-02
3.097608281792821328e-02
3.104812180086358175e-02
3.080410055050443116e-02
3.095628992513664926e-02
3.098871577442606148e-02
3.078819335034021706e-02
3.116055300730511540e-02
3.087561301784989137e-02
3.076377551536850496e-02
3.079760385546488968e-02
3.070302706763436765e-02
3.063570809005689705e-02
3.082879372311428043e-02
3.094839941145084705e-02
3.077980316421136467e-02
3.067351443749759266e-02
3.068051209889519765e-02
3.065425732193610697e-02
3.073524605222292816e-02
3.070995715402539267e-02
3.086459211918072057e-02
3.070808919189283934e-02
3.066276556651832338e-02
3.066228043934722536e-02
3.060251159119382197e-02
3.061990599054012843e-02
3.063590776877338218e-02
3.058790318079877141e-02
3.068551003099016794e-02
3.063615093961941094e-02
3.060818514067130056e-02
3.055617073062142502e-02
3.067070314590103833e-02
3.065033940396041240e-02
3.067380641236491443e-02
3.061325324523582123e-02
3.073662290423243362e-02
3.057723117532444232e-02
3.067167948447792683e-02
3.061700275716394692e-02
3.052804166870458358e-02
3.073812578705605730e-02
3.086668574913005100e-02
3.060603334208408452e-02
3.084059125755717404e-02
3.078895822048099626e-02
3.049113054924761784e-02
3.052082866540214295e-02
3.057156774031913327e-02
3.055515604850961298e-02
3.055786718099836458e-02
3.054035493499948975e-02
3.054466922533162834e-02
3.053320484114784364e-02
3.061128225591137897e-02
3.044902048221020605e-02
3.050926286531764620e-02
3.043839159917288012e-02
3.054002975551832824e-02
3.039199109964270742e-02
3.047798045318825949e-02
3.050715203623170085e-02
3.059377667269119749e-02
3.036399642860329248e-02
3.051927911050157302e-02
3.039484373735411998e-02
3.060593055183773864e-02
3.048771590725644909e-02
3.032779023342896396e-02
3.056120114851113706e-02
3.053674152162514852e-02
3.044503895341771696e-02
3.049680048828293591e-02
3.050090099290693121e-02
3.047185633961390500e-02
3.036038937453512665e-02
3.052108329921290886e-02
3.049629689694558637e-02
3.042382617213639645e-02
3.046468401557769420e-02
3.052371543440766249e-02
3.055941484857978632e-02
3.053772281405794931e-02
3.048434957071288753e-02
3.025290295069842442e-02
3.030148391270795494e-02
3.043273586281701470e-02
3.049934510941231663e-02
3.040928777395459498e-02
3.043373653311312252e-02
3.054628603257519837e-02
3.069332948347783946e-02
3.042555524312481885e-02
3.048278182160112787e-02
3.042226908001113839e-02
3.054036906559952705e-02
3.058800489152068217e-02
3.046469969052982910e-02
3.037087890453840644e-02
3.052082235007320607e-02
3.044374690635668484e-02
3.054236081794006394e-02
3.039762868367918217e-02
