9.878812538165795409e-01
9.258314236475710668e-02
4.555397489222517970e-02
3.008787798319469478e-02
2.451488620748645472e-02
2.193455536310609869e-02
2.102742052980159301e-02
2.007202437768379824e-02
2.020952417923693040e-02
1.951354906747215789e-02
1.924401580012942772e-02
1.897481243665281175e-02
1.877972409782702537e-02
1.846190141350553815e-02
1.864699360081239696e-02
1.841033529163452545e-02
1.823383699203923181e-02
1.812523530240644359e-02
1.790899136267079528e-02
1.801196957791321995e-02
1.774201468613587074e-02
1.772159034092175497e-02
1.751827291997247460e-02
1.762944904499148119e-02
1.759696804852992763e-02
1.766836038186100563e-02
1.739156662829612413e-02
1.729554431267867065e-02
1.776524849252350546e-02
1.721009809866939563e-02
1.728033834676209399e-02
1.728076723959754563e-02
1.688018488093165001e-02
1.707429335893768940e-02
1.680381362685900992e-02
1.712424696439452179e-02
1.692161642488811124e-02
1.658170117032632326e-02
1.665809657506383407e-02
1.693144394003116143e-02
1.678690512076412220e-02
1.658204562978394039e-02
1.651929819204828176e-02
1.660211822099722304e-02
1.661462763144650953e-02
1.642050276216315552e-02
1.669147794069559057e-02
1.634804753733700919e-02
1.642063767894318127e-02
1.630127949215341016e-02
1.625987983047308752e-02
1.606956052087378170e-02
1.641839373480986214e-02
1.597379613014166672e-02
1.587399418890607025e-02
1.598258831521921081e-02
1.622696420618970070e-02
1.592540365333358285e-02
1.601172376407735201e-02
1.631607452423818397e-02
1.600321444208946051e-02
1.591694304686889355e-02
1.591482946910617591e-02
1.573984934458215121e-02
1.572095395654047809e-02
1.591399788382675401e-02
1.581953375583939475e-02
1.599839969962965971e-02
1.548702026423262948e-02
1.580174364672418119e-02
1.571128424910599869e-02
1.586470677876812216e-02
1.558490745037009913e-02
1.552329387131816917e-02
1.549550935364606141e-02
1.545349535115651471e-02
1.535637490533030801e-02
1.547342412247273459e-02
1.549602443385019596e-02
1.559521384994711803e-02
1.562055630952511980e-02
1.539704542803136886e-02
1.529327912435850603e-02
1.529648370730380194e-02
1.551010436296724505e-02
1.529367992883188740e-02
1.546645810533510933e-02
1.535346659447736455e-02
1.525533489000640425e-02
1.544930321458531063e-02
1.523996167162662042e-02
1.540350212486820206e-02
1.538043208583666534e-02
1.520517908379827657e-02
1.532965611601085076e-02
1.535371508972163852e-02
1.538892423513492543e-02
1.535228330789035860e-02
1.542377387778016626e-02
1.518228177160939676e-02
1.533267017486586968e-02
1.536480808557060158e-02
1.516660559644693838e-02
1.553568101953715051e-02
1.525285566764834726e-02
1.514255814335978799e-02
1.517587845181033249e-02
1.508281393785421837e-02
1.501674576286684062e-02
1.520663235875728894e-02
1.532485481809105730e-02
1.515834052524153534e-02
1.505383180715797256e-02
1.506070116240727265e-02
1.503493587135157523e-02
1.511448559825096134e-02
1.508962349443320611e-02
1.524196874693428162e-02
1.508778786907593455e-02
1.504328307499618912e-02
1.504280706785880717e-02
1.498421945102643496e-02
1.500125828591224349e-02
1.501694151706862816e-02
1.496991713596671283e-02
1.506560841379197060e-02
1.501717991032229180e-02
1.498977596168978195e-02
1.493887311550216694e-02
1.505107250342374234e-02
1.503109288924749445e-02
1.505411839717182149e-02
1.499474038811106358e-02
1.511583980091177511e-02
1.495947306158772715e-02
1.505203075837670788e-02
1.499841372531495604e-02
1.491138125001861305e-02
1.511731803041408903e-02
1.524403662616877209e-02
1.498766843098820259e-02
1.521827310585139106e-02
1.516735917284038962e-02
1.487534467474018254e-02
1.490433571876533143e-02
1.495393206561474418e-02
1.493788097838037905e-02
1.494053194642459143e-02
1.492341247289196392e-02
1.492762908935873697e-02
1.491642556594390684e-02
1.499280962161719799e-02
1.483428557321690711e-02
1.489304192936080629e-02
1.482393093031357176e-02
1.492309467948711721e-02
1.477876996801218493e-02
1.486251668007881020e-02
1.489098120578809768e-02
1.497566673757606479e-02
1.475155646585973694e-02
1.490282235879516332e-02
1.478154441309079831e-02
1.498756775910263517e-02
1.487201313986524602e-02
1.471639776708590953e-02
1.494379225023613651e-02
1.491988132413672730e-02
1.483040635000195361e-02
1.488087744035414967e-02
1.488487938206577502e-02
1.485654446051309051e-02
1.474805188757416508e-02
1.490458441211989053e-02
1.488038599082644638e-02
1.480974718323794376e-02
1.484955155470392245e-02
1.490715526273114593e-02
1.494204537420157873e-02
1.492084023469176721e-02
1.486872909999076807e-02
1.464381019111003768e-02
1.469087883699358478e-02
1.481842259353582242e-02
1.488336083364852694e-02
1.479559652670695002e-02
1.481939710987110852e-02
1.492920944614237883e-02
1.507328759650128011e-02
1.481143058963904288e-02
1.486719980133337921e-02
1.480823129562562970e-02
1.492342628260845752e-02
1.497001669189909102e-02
1.484956683574669214e-02
1.475824456694617599e-02
1.490432955079564956e-02
1.482914761117283715e-02
1.492537286933184708e-02
1.478425327345336653e-02
