1.080457444892690411e-01
3.596892490999580028e-02
3.469207499869925854e-02
3.410633654023104838e-02
3.391491333116920109e-02
3.354381493277277387e-02
3.377727996888189865e-02
3.315031682952303965e-02
3.328257631617247830e-02
3.301788668420112260e-02
3.332710558642296844e-02
3.286649147990949177e-02
3.281024001106810917e-02
3.274331182082754199e-02
3.260876567747174326e-02
3.290234074594940161e-02
3.245060277838290874e-02
3.261248073876357040e-02
3.209285370696660089e-02
3.235671602258802237e-02
3.183752628115098238e-02
3.206068545558400651e-02
3.184442244699264152e-02
3.194093522571555405e-02
3.176997759460988002e-02
3.212839028919758921e-02
3.177583379083640663e-02
3.171804725367215888e-02
3.147042899628749862e-02
3.157891139381525242e-02
3.152752842953463613e-02
3.140209103234258697e-02
3.126051535603426718e-02
3.155530118274958717e-02
3.126096423404447350e-02
3.154392019522916923e-02
3.132851514389390496e-02
3.106648281785605314e-02
3.125735033586971717e-02
3.140803561005011540e-02
3.139885062438117769e-02
3.132611732791052567e-02
3.118583967337970608e-02
3.128314587573693267e-02
3.130328266310711954e-02
3.106207598540270190e-02
3.137907981931480073e-02
3.108931061835118470e-02
3.117109642666499730e-02
3.112539752998928419e-02
3.116591187223659992e-02
3.108456887941083227e-02
3.112086070237901625e-02
3.082034011538162949e-02
3.088363508365713980e-02
3.113991683136555638e-02
3.118927866542465371e-02
3.103979945726918072e-02
3.102082149002859460e-02
3.153177747628312794e-02
3.103785149067771545e-02
3.104186634901043296e-02
3.103813607448447504e-02
3.094393968629731428e-02
3.094697053110827267e-02
3.103198214817894790e-02
3.104600881862640965e-02
3.158074271345882172e-02
3.087580804437455723e-02
3.104087155224534780e-02
3.103125702845974110e-02
3.113120439413918569e-02
3.085535175546265732e-02
3.085055567888905087e-02
3.077792862140958305e-02
3.070026896747822878e-02
3.062365220277998151e-02
3.075774815009573587e-02
3.071728556882288505e-02
3.098125723456628122e-02
3.113332861194620035e-02
3.079895600498995870e-02
3.054677225682891906e-02
3.064764808046050587e-02
3.087776129275732195e-02
3.064587479588218658e-02
3.079527455653497878e-02
3.082617127009385644e-02
3.072635662119372127e-02
3.094766351277602329e-02
3.069805438641663026e-02
3.083596286361847336e-02
3.099036639785911207e-02
3.061560738115974914e-02
3.065254963747076830e-02
3.081539903935690689e-02
3.087336845265750696e-02
3.072082803063912529e-02
3.096210660340192877e-02
3.076757293761215109e-02
3.073096510172537710e-02
3.094181493031744265e-02
3.063025643143371668e-02
3.098842228122717507e-02
3.074343488140746442e-02
3.060067001032338793e-02
3.070605885551389719e-02
3.064122687381694299e-02
3.057230365489817595e-02
3.075449337117163590e-02
3.080778984135754128e-02
3.066702030644729085e-02
3.053950130389012155e-02
3.059629460673827378e-02
3.052744975295453717e-02
3.058645178203581866e-02
3.060449801463769465e-02
3.078697660126312324e-02
3.061903582543471641e-02
3.058119860926313688e-02
3.065176529942937461e-02
3.042412399789988856e-02
3.059521076828194616e-02
3.052801968483914719e-02
3.046012211009448828e-02
3.057657027961303495e-02
3.052762487490145657e-02
3.052621103661664476e-02
3.075544554269581815e-02
3.060566411713468160e-02
3.058092127417854841e-02
3.056605643327924005e-02
3.048244658825109005e-02
3.060729023186950504e-02
3.039995535259735690e-02
3.056552748863930122e-02
3.052210477251067477e-02
3.041904714349013411e-02
3.060111516313506960e-02
3.078824576341584671e-02
3.050359292401869787e-02
3.070583423870605969e-02
3.063264219552776571e-02
3.037060698777873172e-02
3.035434361711943779e-02
3.045482323849578454e-02
3.042035428078884371e-02
3.044715456156602343e-02
3.038839851511413934e-02
3.040451939353559438e-02
3.039998734534233443e-02
3.038247760782647466e-02
3.036425809827604516e-02
3.041854657293878786e-02
3.027893830993323709e-02
3.039557108667228016e-02
3.023296886517088874e-02
3.033810103721869961e-02
3.033354666084726176e-02
3.045093567291937836e-02
3.020062612634541455e-02
3.034300428565557192e-02
3.020406723474315311e-02
3.043335426760908000e-02
3.029647067779212347e-02
3.015646987941772092e-02
3.038808913116065186e-02
3.036413972371916278e-02
3.024651407045521323e-02
3.029017008018172405e-02
3.029083280745829485e-02
3.025811431838359988e-02
3.017935316529571366e-02
3.031809962092667232e-02
3.026014070666597361e-02
3.020093061060329445e-02
3.022951076749543289e-02
3.024048939440558345e-02
3.023326643846503334e-02
3.028171121780402417e-02
3.024046176892792800e-02
3.003462195501583817e-02
3.005648906189019309e-02
3.016007062770121108e-02
3.021215404179974223e-02
3.014181224961214739e-02
3.013805226667215856e-02
3.025719499994081532e-02
3.036922773130953934e-02
3.015889646174330432e-02
3.015002903501217205e-02
3.015907982277177962e-02
3.021154586261428840e-02
3.028850866130927341e-02
3.017269426693970288e-02
3.011148317435103153e-02
3.020298168998637039e-02
3.015853873099557172e-02
3.021108017120092970e-02
3.011044953884527489e-02
